7.1,-0.120237061944,0.0291499456584,0.000272866252681
7.2,-0.123477771412,0.0329576259295,0.000272866252681
7.3,-0.12671848088,0.0367653062007,0.000272866252681
7.5,-0.129959190347,0.0405729864719,0.000272866252681
7.6,-0.133199899815,0.044380666743,0.000272866252681
7.7,-0.136440609283,0.0481883470142,0.000272866252681
7.8,-0.139681318751,0.0519960272853,0.000272866252681
8.0,-0.142922028219,0.0558037075565,0.000272866252681
8.1,-0.146162737687,0.0596113878277,0.000272866252681
8.2,-0.149403447155,0.0634190680988,0.000272866252681
8.3,-0.0266427940708,-0.0094653175008,-0.000392303089533
8.5,-0.0298835035387,-0.00565763722964,-0.000392303089533
8.6,-0.0331242130066,-0.00184995695848,-0.000392303089533
8.7,-0.0363649224745,0.00195772331268,-0.000392303089533
8.8,-0.0396056319424,0.00576540358384,-0.000392303089533
8.9,-0.0428463414103,0.009573083855,-0.000392303089533
9.0,-0.0460870508781,0.0133807641262,-0.000392303089533
9.1,-0.049327760346,0.0171884443973,-0.000392303089533
9.2,-0.0525684698139,0.0209961246685,-0.000392303089533
9.3,-0.0558091792818,0.0248038049396,-0.000392303089533
9.4,-0.0590498887497,0.0286114852108,-0.000392303089533
9.6,-0.0622905982176,0.0324191654819,-0.000392303089533
9.8,-0.0655313076855,0.0362268457531,-0.000392303089533
10.0,-0.0687720171534,0.0400345260243,-0.000392303089533
10.1,-0.0720127266213,0.0438422062954,-0.000392303089533
10.2,-0.0752534360892,0.0476498865666,-0.000392303089533
10.3,-0.0784941455571,0.0514575668377,-0.000392303089533
10.4,-0.081734855025,0.0552652471089,-0.000392303089533
10.5,-0.0849755644929,0.0590729273801,-0.000392303089533
10.6,-0.0882162739607,0.0628806076512,-0.000392303089533
10.7,-0.0914569834286,0.0666882879224,-0.000392303089533
10.8,-0.0946976928965,0.0704959681935,-0.000392303089533
11.0,-0.0979384023644,0.0743036484647,-0.000392303089533
11.1,0.0241356277202,-0.0193191970065,0.000288437034413
11.2,0.0208949182523,-0.0155115167353,0.000288437034413
11.3,0.0176542087844,-0.0117038364641,0.000288437034413
11.4,0.0144134993165,-0.00789615619297,0.000288437034413
11.5,0.0111727898486,-0.00408847592182,0.000288437034413
11.6,0.00793208038074,-0.000280795650657,0.000288437034413
11.7,0.00469137091285,0.0035268846205,0.000288437034413
11.8,0.00145066144495,0.00733456489166,0.000288437034413
12.0,-0.00179004802294,0.0111422451628,0.000288437034413
12.1,-0.00503075749083,0.014949925434,0.000288437034413
12.2,-0.00827146695872,0.0187576057051,0.000288437034413
12.3,-0.0115121764266,0.0225652859763,0.000288437034413
12.4,-0.0147528858945,0.0263729662475,0.000288437034413
12.5,-0.0179935953624,0.0301806465186,0.000288437034413
12.6,-0.0212343048303,0.0339883267898,0.000288437034413
12.7,-0.0244750142982,0.0377960070609,0.000288437034413
12.8,-0.0277157237661,0.0416036873321,0.000288437034413
12.9,-0.030956433234,0.0454113676032,0.000288437034413
13.0,-0.0341971427019,0.0492190478744,0.000288437034413
13.1,-0.0374378521698,0.0530267281456,0.000288437034413
13.2,0.00555333501938,-0.0265853112395,-0.000382508506942
13.3,0.00231262555149,-0.0227776309684,-0.000382508506942
13.4,-0.000928083916401,-0.0189699506972,-0.000382508506942
13.5,-0.00416879338429,-0.0151622704261,-0.000382508506942
13.6,-0.00740950285219,-0.0113545901549,-0.000382508506942
13.7,-0.0106502123201,-0.00754690988375,-0.000382508506942
13.8,-0.013890921788,-0.00373922961259,-0.000382508506942
13.9,-0.0171316312559,6.84506585662e-05,-0.000382508506942
14.1,-0.0203723407238,0.00387613092972,-0.000382508506942
14.2,-0.0236130501916,0.00768381120088,-0.000382508506942
14.4,-0.0268537596595,0.011491491472,-0.000382508506942
14.5,-0.0300944691274,0.0152991717432,-0.000382508506942
14.6,-0.0365758880632,0.0229145322855,-0.000382508506942
14.7,-0.0398165975311,0.0267222125567,-0.000382508506942
14.8,-0.043057306999,0.0305298928278,-0.000382508506942
14.9,-0.0462980164669,0.034337573099,-0.000382508506942
15.0,-0.0495387259348,0.0381452533702,-0.000382508506942
15.1,-0.0527794354027,0.0419529336413,-0.000382508506942
15.2,-0.0560201448706,0.0457606139125,-0.000382508506942
15.3,-0.0592608543385,0.0495682941836,-0.000382508506942
15.4,-0.0625015638064,0.0533759744548,-0.000382508506942
15.5,0.0186072092825,-0.000468381777696,0.00010137470384
15.6,0.0153664998146,0.00333929849346,0.00010137470384
15.7,0.0121257903467,0.00714697876462,0.00010137470384
15.8,0.00888508087884,0.0109546590358,0.00010137470384
15.9,0.00564437141094,0.0147623393069,0.00010137470384
16.0,0.00240366194305,0.0185700195781,0.00010137470384
16.1,-0.000837047524841,0.0223776998493,0.00010137470384
16.2,-0.00407775699273,0.0261853801204,0.00010137470384
16.3,-0.00731846646063,0.0299930603916,0.00010137470384
16.4,-0.0105591759285,0.0338007406627,0.00010137470384
16.5,-0.0137998853964,0.0376084209339,0.00010137470384
16.7,-0.0170405948643,0.041416101205,0.00010137470384
16.8,-0.0202813043322,0.0452237814762,0.00010137470384
17.0,-0.0235220138001,0.0490314617474,0.00010137470384
17.1,-0.026762723268,0.0528391420185,0.00010137470384
17.2,-0.0300034327359,0.0566468222897,0.00010137470384
17.4,-0.0332441422038,0.0604545025608,0.00010137470384
17.5,-0.0364848516717,0.064262182832,0.00010137470384
17.6,-0.0397255611395,0.0680698631032,0.00010137470384
17.7,-0.0526883990111,0.0833005841878,0.00010137470384
17.9,-0.055929108479,0.087108264459,0.00010137470384
18.0,-0.0591698179469,0.0909159447301,0.00010137470384
18.1,-0.0624105274148,0.0947236250013,0.00010137470384
18.2,-0.0656512368827,0.0985313052724,0.00010137470384
18.3,-0.0688919463506,0.102338985544,0.00010137470384
18.4,-0.0721326558185,0.106146665815,0.00010137470384
18.5,-0.0753733652864,0.109954346086,0.00010137470384
18.6,-0.0786140747543,0.113762026357,0.00010137470384
18.7,-0.0818547842221,0.117569706628,0.00010137470384
18.8,-0.0883362031579,0.125185067171,0.00010137470384
18.9,-0.0915769126258,0.128992747442,0.00010137470384
19.0,-0.0948176220937,0.132800427713,0.00010137470384
19.1,-0.0980583315616,0.136608107984,0.00010137470384
19.2,0.00975531601139,-0.00155654582433,2.33515290873e-05
19.3,-0.000778901226116,-0.00598401269878,5.82581141275e-05
19.5,-0.0108204613987,-0.0114441123878,9.31646991669e-05
19.6,-0.0202684165085,-0.0178826846364,0.000128071284207
19.7,-0.0290277132693,-0.0252357291156,0.000162977869246
19.8,-0.0370101493714,-0.0334300415757,0.000197884454286
19.9,-0.0503311368102,-0.052008091911,0.000267697624366
20.0,-0.0555351377505,-0.0622063794958,0.000302604209406
20.1,-0.0596945361357,-0.0728768856843,0.000337510794445
20.2,-0.0627670468445,-0.0839128995681,0.000372417379485
20.3,-0.0647212576677,-0.0952039861973,0.000407323964525
20.4,-0.0655369502948,-0.106637091677,0.000442230549565
20.6,-0.0652053092522,-0.118097675137,0.000477137134605
20.7,-0.0637290166374,-0.129470856231,0.000512043719644
20.8,-0.0611222316347,-0.140642566691,0.000546950304684
21.0,-0.0647945657962,-0.144036786748,0.000546950304684
21.1,-0.0758115682809,-0.154219446919,0.000546950304684
21.2,-0.0794839024424,-0.157613666976,0.000546950304684
21.3,-0.083156236604,-0.161007887033,0.000546950304684
21.5,-0.0868285707655,-0.16440210709,0.000546950304684
21.6,-0.0905009049271,-0.167796327147,0.000546950304684
21.7,-0.0941732390886,-0.171190547204,0.000546950304684
21.8,-0.0978455732502,-0.174584767261,0.000546950304684
21.9,-0.105190241573,-0.181373207375,0.000546950304684
22.0,-0.108862575735,-0.184767427432,0.000546950304684
22.1,-0.112534909896,-0.188161647489,0.000546950304684
22.2,-0.116207244058,-0.191555867546,0.000546950304684
22.4,-0.119879578219,-0.194950087603,0.000546950304684
22.5,-0.123551912381,-0.19834430766,0.000546950304684
22.6,-2.66375396082,-1.99326973827,-0.0492467104338
22.7,-2.67109862914,-2.00005817839,-0.0492467104338
22.8,-2.6747709633,-2.00345239845,-0.0492467104338
22.9,-2.67844329746,-2.0068466185,-0.0492467104338
23.0,-2.68211563163,-2.01024083856,-0.0492467104338
23.1,-2.68578796579,-2.01363505862,-0.0492467104338
23.2,-2.68946029995,-2.01702927867,-0.0492467104338
23.3,-2.69313263411,-2.02042349873,-0.0492467104338
23.5,-2.69680496827,-2.02381771879,-0.0492467104338
23.6,-2.70047730243,-2.02721193884,-0.0492467104338
23.7,-2.70414963659,-2.0306061589,-0.0492467104338
23.8,-2.71149430492,-2.03739459902,-0.0492467104338
23.9,-2.71516663908,-2.04078881907,-0.0492467104338
24.0,-2.71883897324,-2.04418303913,-0.0492467104338
24.1,-2.7225113074,-2.04757725919,-0.0492467104338
24.2,-2.72618364156,-2.05097147924,-0.0492467104338
24.3,-2.72985597573,-2.0543656993,-0.0492467104338
24.4,-2.73352830989,-2.05775991936,-0.0492467104338
24.5,-2.73720064405,-2.06115413941,-0.0492467104338
24.6,-2.74087297821,-2.06454835947,-0.0492467104338
24.7,-2.74454531237,-2.06794257953,-0.0492467104338
24.8,-2.74821764653,-2.07133679959,-0.0492467104338
24.9,-2.75188998069,-2.07473101964,-0.0492467104338
25.0,-2.76216410353,-2.06996120907,-0.0492816170188
25.2,0.0410874194293,0.0578960912297,0.000395325476674
25.3,0.0319626546984,0.0646186395233,0.000360418891634
25.5,0.0235534234699,0.0722220270795,0.000325512306595
25.6,0.0159444404847,0.0806305204525,0.000290605721555
25.7,0.00921244488317,0.0897602715032,0.000255699136515
25.8,0.00342542632764,0.0995201535147,0.000220792551475
26.0,-0.00773086538715,0.131579681093,0.000116072796356
26.1,-0.00925507961236,0.142836365894,8.1166211316e-05
26.2,-0.00964622460618,0.154192248784,4.62596262762e-05
26.3,-0.0141205421906,0.15642429498,4.62596262762e-05
26.5,-0.018594859775,0.158656341176,4.62596262762e-05
26.6,-0.0230691773594,0.160888387371,4.62596262762e-05
26.7,-0.0275434949438,0.163120433567,4.62596262762e-05
26.8,-0.0320178125282,0.165352479763,4.62596262762e-05
27.0,-0.0364921301126,0.167584525958,4.62596262762e-05
27.2,-0.040966447697,0.169816572154,4.62596262762e-05
27.3,-0.063338035619,0.180976803132,4.62596262762e-05
27.4,-0.0678123532034,0.183208849328,4.62596262762e-05
27.5,-0.0722866707878,0.185440895524,4.62596262762e-05
27.6,-0.0767609883722,0.187672941719,4.62596262762e-05
27.7,-0.0812353059566,0.189904987915,4.62596262762e-05
27.9,-0.085709623541,0.192137034111,4.62596262762e-05
28.0,-0.0901839411254,0.194369080306,4.62596262762e-05
28.2,-0.0946582587098,0.196601126502,4.62596262762e-05
28.3,-0.0991325762942,0.198833172698,4.62596262762e-05
28.4,-0.103606893879,0.201065218893,4.62596262762e-05
28.5,-0.108081211463,0.203297265089,4.62596262762e-05
28.6,-0.112555529047,0.205529311285,4.62596262762e-05
28.7,-0.117029846632,0.20776135748,4.62596262762e-05
28.8,-0.121504164216,0.209993403676,4.62596262762e-05
28.9,-0.125978481801,0.212225449872,4.62596262762e-05
29.0,-0.130452799385,0.214457496067,4.62596262762e-05
29.1,-0.143875752138,0.221153634654,4.62596262762e-05
29.3,-0.148350069723,0.22338568085,4.62596262762e-05
29.4,2.08462573815,2.67506559752,0.0499273026201
29.6,2.08015142057,2.67729764372,0.0499273026201
29.7,2.07567710298,2.67952968992,0.0499273026201
29.8,2.0712027854,2.68176173611,0.0499273026201
29.9,2.06672846781,2.68399378231,0.0499273026201
30.0,2.06225415023,2.6862258285,0.0499273026201
30.1,2.05777983264,2.6884578747,0.0499273026201
30.3,2.05852631752,2.69979915969,0.0498923960351
30.4,2.06040358967,2.71101213317,0.04985748945
30.5,2.07869124067,2.75237295403,0.0497178631099
30.6,2.08573136552,2.7613203921,0.0496829565248
30.7,2.09363307375,2.76952137409,0.0496480499398
30.8,2.10231763047,2.77689325928,0.0496131433548
30.9,2.11169840793,2.78336167287,0.0495782367697
31.0,2.12168174959,2.78886125635,0.0495433301847
31.1,2.13216790522,2.79333632773,0.0495084235996
31.2,2.1430520275,2.7967414453,0.0494735170146
31.3,2.15422522042,2.79904186891,0.0494386104296
31.4,2.16557562876,2.80021391425,0.0494037038445
31.5,2.17698955785,2.80024519652,0.0493687972595
31.7,2.18835261248,2.79913476086,0.0493338906744
31.8,2.19955084333,2.79689309837,0.0492989840894
31.9,2.21047188972,2.79354204729,0.0492640775044
32.0,2.22100610696,2.78911458041,0.0492291709193
32.2,2.23104766713,2.78365448072,0.0491942643343
32.3,2.24049562224,2.77721590848,0.0491593577492
32.4,2.249254919,2.769862864,0.0491244511642
32.6,2.2572373551,2.76166855154,0.0490895445792
32.7,2.26436246732,2.75271465048,0.0490546379941
32.8,2.28299425258,2.71118569354,0.048915011654
33.0,2.2849484634,2.69989460691,0.0488801050689
33.1,2.28576415603,2.68846150143,0.0488451984839
33.2,2.28543251498,2.67700091798,0.0488102918988
33.3,2.28395622237,2.66562773688,0.0487753853138
33.4,2.28134943737,2.65445602642,0.0487404787288
33.5,2.27763766069,2.64359789875,0.0487055721437
33.6,2.27285748523,2.63316238483,0.0486706655587
33.7,2.27577641341,2.62910186092,0.0486706655587
33.9,2.2786953416,2.62504133701,0.0486706655587
34.0,2.28745212615,2.61285976526,0.0486706655587
34.1,2.64166210021,2.7986347708,0.0496233324815
34.3,2.6445810284,2.79457424688,0.0496233324815
34.4,2.64749995658,2.79051372297,0.0496233324815
34.5,2.65041888477,2.78645319906,0.0496233324815
34.6,2.65333781295,2.78239267514,0.0496233324815
34.7,2.65625674114,2.77833215123,0.0496233324815
34.8,2.65917566932,2.77427162731,0.0496233324815
34.9,2.6620945975,2.7702111034,0.0496233324815
35.0,2.66501352569,2.76615057948,0.0496233324815
35.1,2.67085138206,2.75802953165,0.0496233324815
35.2,2.67377031024,2.75396900774,0.0496233324815
35.3,2.67668923843,2.74990848382,0.0496233324815
35.4,2.67960816661,2.74584795991,0.0496233324815
35.6,2.6825270948,2.741787436,0.0496233324815
35.7,2.68544602298,2.73772691208,0.0496233324815
35.8,2.68836495116,2.73366638817,0.0496233324815
35.9,2.69128387935,2.72960586425,0.0496233324815
36.1,2.69420280753,2.72554534034,0.0496233324815
36.2,2.69712173572,2.72148481642,0.0496233324815
36.3,2.70587852027,2.70930324468,0.0496233324815
36.4,2.70879744846,2.70524272076,0.0496233324815
36.5,2.71171637664,2.70118219685,0.0496233324815
36.6,2.71463530482,2.69712167294,0.0496233324815
36.7,2.71755423301,2.69306114902,0.0496233324815
36.8,0.0194073329026,0.0849491807633,-0.000617003954571
37.0,0.0223262610871,0.0808886568488,-0.000617003954571
37.1,0.0252451892715,0.0768281329342,-0.000617003954571
37.2,0.028164117456,0.0727676090197,-0.000617003954571
37.4,0.0310830456405,0.0687070851051,-0.000617003954571
37.5,0.0557100412766,0.0709927423153,-0.000547190784491
37.6,0.065984164109,0.0757625528886,-0.000512284199452
37.7,0.0757326253671,0.0815373975001,-0.000477377614411
37.8,0.084857390098,0.0882599457937,-0.000442471029372
37.9,0.0932666213265,0.0958633333499,-0.000407564444332
38.0,0.100875604312,0.104271826723,-0.000372657859292
38.1,0.107607599913,0.113401577774,-0.000337751274252
38.2,0.113394618469,0.123161459785,-0.000302844689212
38.3,0.118178106382,0.133453977024,-0.000267938104172
38.4,0.121909538484,0.144176238666,-0.000233031519132
38.5,0.124550910184,0.155220987363,-0.000198124934093
38.7,0.126075124409,0.166477672164,-0.000163218349053
38.9,0.126466269403,0.177833555055,-0.000128311764013
39.0,0.125719784532,0.18917484005,-9.34051789728e-05
39.1,0.129946937186,0.191845506601,-9.34051789728e-05
39.2,0.134174089841,0.194516173153,-9.34051789728e-05
39.4,0.138401242496,0.197186839704,-9.34051789728e-05
39.5,0.14262839515,0.199857506255,-9.34051789728e-05
39.6,0.146855547805,0.202528172806,-9.34051789728e-05
39.8,0.151082700459,0.205198839358,-9.34051789728e-05
39.9,0.172218463732,0.218552172114,-9.34051789728e-05
40.0,0.176445616387,0.221222838665,-9.34051789728e-05
40.1,0.0876351050322,0.243244480759,-0.00114528731249
40.2,0.0918622576867,0.24591514731,-0.00114528731249
40.4,0.0960894103413,0.248585813861,-0.00114528731249
40.5,0.100316562996,0.251256480412,-0.00114528731249
40.7,0.10454371565,0.253927146964,-0.00114528731249
40.8,0.108770868305,0.256597813515,-0.00114528731249
40.9,0.11299802096,0.259268480066,-0.00114528731249
41.1,0.117225173614,0.261939146617,-0.00114528731249
41.2,0.134133784233,0.272621812822,-0.00114528731249
41.3,0.138360936887,0.275292479374,-0.00114528731249
41.5,0.142588089542,0.277963145925,-0.00114528731249
41.7,0.146815242196,0.280633812476,-0.00114528731249
41.9,0.151042394851,0.283304479027,-0.00114528731249
42.0,0.155269547505,0.285975145579,-0.00114528731249
42.2,0.15949670016,0.28864581213,-0.00114528731249
42.3,0.163723852815,0.291316478681,-0.00114528731249
42.4,0.184859616088,0.304669811437,-0.00114528731249
42.5,0.189086768742,0.307340477989,-0.00114528731249
42.6,0.193313921397,0.31001114454,-0.00114528731249
42.7,0.197541074051,0.312681811091,-0.00114528731249
42.9,0.201768226706,0.315352477642,-0.00114528731249
43.1,-0.00204464602183,0.00988714748506,-0.000278382795922
43.2,0.00218250663275,0.0125578140363,-0.000278382795922
43.3,0.00640965928734,0.0152284805876,-0.000278382795922
43.4,0.0106368119419,0.0178991471388,-0.000278382795922
43.6,0.0148639645965,0.0205698136901,-0.000278382795922
43.7,0.0190911172511,0.0232404802413,-0.000278382795922
43.8,0.0233182699057,0.0259111467926,-0.000278382795922
43.9,0.0275454225602,0.0285818133439,-0.000278382795922
44.0,0.0317725752148,0.0312524798951,-0.000278382795922
44.1,0.0359997278694,0.0339231464464,-0.000278382795922
44.3,0.0539019882883,0.0328259073003,-0.000313289380962
44.5,0.0626612850491,0.0254728628211,-0.000348195966002
44.7,0.0706437211512,0.017278550361,-0.000383102551042
44.9,0.0777688333719,0.00832464930738,-0.000418009136082
45.1,0.08396470859,-0.00129949997429,-0.000452915721122
45.2,0.0891687095304,-0.0114977875591,-0.000487822306161
45.3,0.0933281079156,-0.0221682937476,-0.000522728891201
45.4,0.0964006186243,-0.0332043076314,-0.000557635476241
45.5,0.0983548294475,-0.0444953942606,-0.000592542061281
45.6,0.0991705220746,-0.0559284997407,-0.000627448646321
45.7,0.120224705908,-0.0803423664703,-0.000662355231361
45.8,0.124501870883,-0.0829330231243,-0.000662355231361
45.9,0.128779035858,-0.0855236797783,-0.000662355231361
46.1,0.133056200833,-0.0881143364324,-0.000662355231361
46.2,0.137333365808,-0.0907049930864,-0.000662355231361
46.3,0.141610530783,-0.0932956497405,-0.000662355231361
46.4,0.145887695758,-0.0958863063945,-0.000662355231361
46.5,0.150164860734,-0.0984769630486,-0.000662355231361
46.6,0.154442025709,-0.101067619703,-0.000662355231361
46.7,0.158719190684,-0.103658276357,-0.000662355231361
46.8,0.167273520634,-0.108839589665,-0.000662355231361
46.9,0.171550685609,-0.111430246319,-0.000662355231361
47.1,0.175827850584,-0.114020902973,-0.000662355231361
47.2,0.0909790059958,-0.189482874921,-0.00106630006893
47.3,0.0952561709709,-0.192073531575,-0.00106630006893
47.4,0.099533335946,-0.194664188229,-0.00106630006893
47.5,0.103810500921,-0.197254844883,-0.00106630006893
47.6,0.108087665896,-0.199845501537,-0.00106630006893
47.7,0.112364830871,-0.202436158191,-0.00106630006893
47.8,0.116641995847,-0.205026814845,-0.00106630006893
47.9,0.125196325797,-0.210208128153,-0.00106630006893
48.0,0.129473490772,-0.212798784807,-0.00106630006893
48.1,0.133750655747,-0.215389441461,-0.00106630006893
48.2,0.138027820722,-0.217980098115,-0.00106630006893
48.3,0.142304985697,-0.220570754769,-0.00106630006893
48.4,0.146582150672,-0.223161411423,-0.00106630006893
48.5,0.150859315648,-0.225752068077,-0.00106630006893
48.6,0.155136480623,-0.228342724731,-0.00106630006893
48.7,0.159413645598,-0.230933381385,-0.00106630006893
48.9,0.163690810573,-0.233524038039,-0.00106630006893
49.0,0.172245140523,-0.238705351347,-0.00106630006893
49.1,0.176522305498,-0.241296008001,-0.00106630006893
49.3,0.180799470473,-0.243886664655,-0.00106630006893
49.4,0.185076635449,-0.24647732131,-0.00106630006893
49.5,0.189353800424,-0.249067977964,-0.00106630006893
49.7,-0.0537342791834,0.0334930660569,-0.00112089563422
49.8,-0.0494571142082,0.0309024094029,-0.00112089563422
49.9,-0.0451799492331,0.0283117527488,-0.00112089563422
50.0,-0.040902784258,0.0257210960948,-0.00112089563422
50.1,-0.0366256192829,0.0231304394407,-0.00112089563422
50.3,-0.0237941243575,0.0153584694786,-0.00112089563422
50.5,-0.0195169593824,0.0127678128246,-0.00112089563422
50.7,-0.0152397944072,0.0101771561705,-0.00112089563422
50.9,-0.0109626294321,0.00758649951647,-0.00112089563422
51.1,-0.00668546445697,0.00499584286242,-0.00112089563422
51.2,-0.00240829948184,0.00240518620837,-0.00112089563422
51.3,0.00186886549328,-0.000185470445672,-0.00112089563422
51.5,0.00614603046841,-0.00277612709972,-0.00112089563422
51.6,0.0104231954435,-0.00536678375376,-0.00112089563422
51.8,0.0147003604187,-0.00795744040781,-0.00112089563422
51.9,0.0489176802197,-0.0286826936402,-0.00112089563422
52.0,0.0531948451948,-0.0312733502942,-0.00112089563422
52.1,0.0574720101699,-0.0338640069483,-0.00112089563422
52.3,0.0617491751451,-0.0364546636023,-0.00112089563422
52.5,0.0660263401202,-0.0390453202564,-0.00112089563422
52.6,0.0703035050953,-0.0416359769104,-0.00112089563422
52.7,0.0831350000207,-0.0494079468726,-0.00112089563422
52.8,0.0874121649958,-0.0519986035266,-0.00112089563422
52.9,0.0916893299709,-0.0545892601806,-0.00112089563422
53.0,0.0959664949461,-0.0571799168347,-0.00112089563422
53.1,0.100243659921,-0.0597705734887,-0.00112089563422
53.3,0.104520824896,-0.0623612301428,-0.00112089563422
53.4,0.108797989871,-0.0649518867968,-0.00112089563422
53.5,0.113075154847,-0.0675425434509,-0.00112089563422
53.6,0.117352319822,-0.0701332001049,-0.00112089563422
53.7,0.0322495497417,-0.00847394104651,-0.000765105417199
53.8,0.0365267147168,-0.0110645977006,-0.000765105417199
53.9,0.040803879692,-0.0136552543546,-0.000765105417199
54.0,0.0493582096422,-0.0188365676627,-0.000765105417199
54.1,0.0536353746173,-0.0214272243167,-0.000765105417199
54.2,0.0579125395925,-0.0240178809708,-0.000765105417199
54.3,0.0621897045676,-0.0266085376248,-0.000765105417199
54.4,0.0664668695427,-0.0291991942789,-0.000765105417199
54.5,0.0707440345179,-0.0317898509329,-0.000765105417199
54.7,0.075021199493,-0.034380507587,-0.000765105417199
54.8,0.0792983644681,-0.036971164241,-0.000765105417199
54.9,0.088423129199,-0.0302486159475,-0.000730198832159
55.0,0.0968323604275,-0.0226452283913,-0.000695292247119
55.1,0.111173339014,-0.00510698396759,-0.000625479077039
55.3,0.11696035757,0.00465289804391,-0.000590572491999
55.5,-0.0264820902701,0.0774959586658,-0.00145891414478
55.6,-0.0227506581681,0.0882182203078,-0.00142400755974
55.7,-0.0201092864681,0.0992629690054,-0.0013891009747
55.9,-0.0185850722429,0.110519653806,-0.00135419438966
56.1,-0.0181939272491,0.121875536697,-0.00131928780462
56.2,-0.0189404121198,0.133216821692,-0.00128438121958
56.3,-0.0147132594652,0.135887488244,-0.00128438121958
56.4,-0.0104861068107,0.138558154795,-0.00128438121958
56.6,0.0106496564623,0.151911487551,-0.00128438121958
56.7,0.0148768091168,0.154582154102,-0.00128438121958
56.8,0.0191039617714,0.157252820654,-0.00128438121958
56.9,0.023331114426,0.159923487205,-0.00128438121958
57.0,0.0275582670806,0.162594153756,-0.00128438121958
57.1,0.0317854197352,0.165264820307,-0.00128438121958
57.2,0.0360125723897,0.167935486859,-0.00128438121958
57.3,0.0402397250443,0.17060615341,-0.00128438121958
57.4,0.0444668776989,0.173276819961,-0.00128438121958
57.6,0.0486940303535,0.175947486512,-0.00128438121958
57.8,0.0613754883172,0.183959486166,-0.00128438121958
57.9,0.0656026409718,0.186630152718,-0.00128438121958
58.1,0.0698297936264,0.189300819269,-0.00128438121958
58.3,0.074056946281,0.19197148582,-0.00128438121958
58.4,0.0909655568993,0.202654152025,-0.00128438121958
58.6,-0.065575437065,-0.0459018718501,-0.00085859245224
58.8,-0.0613482844105,-0.0432312052988,-0.00085859245224
59.0,-0.0571211317559,-0.0405605387476,-0.00085859245224
59.1,-0.0528939791013,-0.0378898721963,-0.00085859245224
59.3,-0.0486668264467,-0.0352192056451,-0.00085859245224
59.4,-0.0444396737921,-0.0325485390938,-0.00085859245224
59.5,-0.0402125211376,-0.0298778725425,-0.00085859245224
59.6,-0.035985368483,-0.0272072059913,-0.00085859245224
59.8,-0.0317582158284,-0.02453653944,-0.00085859245224
59.9,-0.00639529990089,-0.00851254013248,-0.00085859245224
60.0,-0.00216814724631,-0.00584187358123,-0.00085859245224
60.2,0.00205900540827,-0.00317120702997,-0.00085859245224
60.3,0.00628615806285,-0.000500540478713,-0.00085859245224
60.4,0.0371479952438,-0.0451807021449,-0.000696613595171
60.5,0.0413751478984,-0.0425100355936,-0.000696613595171
60.6,0.045602300553,-0.0398393690424,-0.000696613595171
60.7,0.0498294532076,-0.0371687024911,-0.000696613595171
60.8,0.0540566058622,-0.0344980359398,-0.000696613595171
60.9,0.0582837585168,-0.0318273693886,-0.000696613595171
61.0,0.0667380638259,-0.0264860362861,-0.000696613595171
61.1,0.0709652164805,-0.0238153697348,-0.000696613595171
61.2,0.0751923691351,-0.0211447031836,-0.000696613595171
61.4,0.0794195217897,-0.0184740366323,-0.000696613595171
61.5,0.0836466744443,-0.015803370081,-0.000696613595171
61.6,0.0878738270988,-0.0131327035298,-0.000696613595171
61.7,0.0921009797534,-0.0104620369785,-0.000696613595171
61.8,0.096328132408,-0.00779137042727,-0.000696613595171
61.9,0.100555285063,-0.00512070387601,-0.000696613595171
62.0,0.104782437717,-0.00245003732475,-0.000696613595171
62.1,0.109009590372,0.000220629226503,-0.000696613595171
62.3,0.117463895681,0.00556196232902,-0.000696613595171
62.5,0.121691048336,0.00823262888027,-0.000696613595171
62.6,-0.111378429187,-0.0460527558891,-0.000773332706687
62.8,-0.107151276533,-0.0433820893378,-0.000773332706687
63.0,-0.102924123878,-0.0407114227866,-0.000773332706687
63.2,-0.0986969712234,-0.0380407562353,-0.000773332706687
63.3,-0.0944698185689,-0.0353700896841,-0.000773332706687
63.4,-0.0902426659143,-0.0326994231328,-0.000773332706687
63.5,-0.0860155132597,-0.0300287565815,-0.000773332706687
63.6,-0.0817883606051,-0.0273580900303,-0.000773332706687
63.7,-0.0564254446776,-0.0113340907227,-0.000773332706687
63.8,-0.052198292023,-0.00866342417148,-0.000773332706687
64.0,-0.0479711393684,-0.00599275762022,-0.000773332706687
64.1,-0.0437439867139,-0.00332209106897,-0.000773332706687
64.3,-0.0395168340593,-0.000651424517711,-0.000773332706687
64.4,-0.0352896814047,0.00201924203355,-0.000773332706687
64.5,-0.0310625287501,0.0046899085848,-0.000773332706687
64.6,-0.0268353760955,0.00736057513606,-0.000773332706687
64.7,-0.0226082234409,0.0100312416873,-0.000773332706687
64.8,-0.0183810707864,0.0127019082386,-0.000773332706687
64.9,0.00780861718629,-0.0092840209493,-0.000878052461807
65.0,0.014933729407,-0.0182379220029,-0.000912959046847
65.2,0.0211296046251,-0.0278620712846,-0.000947865631887
65.3,0.0263336055654,-0.0380603588694,-0.000982772216926
65.5,0.0304930039506,-0.0487308650579,-0.00101767880197
65.7,0.0335655146594,-0.0597668789417,-0.00105258538701
65.8,0.0355197254826,-0.0710579655709,-0.00108749197205
65.9,0.0363354181097,-0.082491071051,-0.00112239855709
66.0,0.0360037770671,-0.0939516545103,-0.00115730514213
66.1,0.0402809420423,-0.0965423111644,-0.00115730514213
66.3,0.0573896019428,-0.106904937781,-0.00115730514213
66.4,0.0616667669179,-0.109495594435,-0.00115730514213
66.5,0.065943931893,-0.112086251089,-0.00115730514213
66.7,-0.0591697400357,-0.215868411103,-0.000697433466579
66.8,-0.0548925750606,-0.218459067757,-0.000697433466579
66.9,-0.0506154100855,-0.221049724411,-0.000697433466579
67.0,-0.0463382451103,-0.223640381065,-0.000697433466579
67.2,-0.0420610801352,-0.226231037719,-0.000697433466579
67.3,-0.0377839151601,-0.228821694373,-0.000697433466579
67.5,-0.033506750185,-0.231412351027,-0.000697433466579
67.6,-0.0121209253093,-0.244365634298,-0.000697433466579
67.7,-0.00784376033421,-0.246956290952,-0.000697433466579
67.8,-0.00356659535908,-0.249546947606,-0.000697433466579
68.0,0.000710569616043,-0.25213760426,-0.000697433466579
68.1,0.00498773459117,-0.254728260914,-0.000697433466579
68.2,-0.0135063702567,-0.0193177120832,-0.000301747804921
68.3,-0.00922920528162,-0.0219083687372,-0.000301747804921
68.4,-0.00495204030649,-0.0244990253913,-0.000301747804921
68.5,-0.000674875331368,-0.0270896820453,-0.000301747804921
68.7,0.00360228964376,-0.0296803386993,-0.000301747804921
68.9,0.0164337845691,-0.0374523086615,-0.000301747804921
69.0,0.0207109495443,-0.0400429653155,-0.000301747804921
69.2,0.0249881145194,-0.0426336219696,-0.000301747804921
69.4,0.0292652794945,-0.0452242786236,-0.000301747804921
69.5,0.0335424444696,-0.0478149352777,-0.000301747804921
69.6,0.0378196094448,-0.0504055919317,-0.000301747804921
69.7,0.0420967744199,-0.0529962485858,-0.000301747804921
69.8,0.046373939395,-0.0555869052398,-0.000301747804921
69.9,0.0506511043701,-0.0581775618939,-0.000301747804921
70.1,0.0549282693453,-0.0607682185479,-0.000301747804921
70.2,0.0720369292458,-0.0711308451641,-0.000301747804921
70.4,0.0763140942209,-0.0737215018181,-0.000301747804921
70.5,0.080591259196,-0.0763121584722,-0.000301747804921
70.6,0.0848684241712,-0.0789028151262,-0.000301747804921
70.8,0.0891455891463,-0.0814934717803,-0.000301747804921
70.9,0.0934227541214,-0.0840841284343,-0.000301747804921
71.1,0.0976999190965,-0.0866747850884,-0.000301747804921
71.2,0.101977084072,-0.0892654417424,-0.000301747804921
71.3,-0.026135117043,-0.0811915679471,0.00211631228855
71.5,-0.0218579520679,-0.0837822246012,0.00211631228855
71.6,0.00380503778291,-0.0993261645254,0.00211631228855
71.7,0.00808220275803,-0.101916821179,0.00211631228855
71.8,0.0123593677332,-0.104507477834,0.00211631228855
71.9,0.0166365327083,-0.107098134488,0.00211631228855
72.0,0.0209136976834,-0.109688791142,0.00211631228855
72.2,0.0251908626585,-0.112279447796,0.00211631228855
72.3,0.0337451926088,-0.117460761104,0.00211631228855
72.4,0.0380223575839,-0.120051417758,0.00211631228855
72.5,0.042299522559,-0.122642074412,0.00211631228855
72.6,0.0465766875342,-0.125232731066,0.00211631228855
72.8,0.0508538525093,-0.12782338772,0.00211631228855
72.9,0.0551310174844,-0.130414044374,0.00211631228855
73.0,0.0594081824595,-0.133004701028,0.00211631228855
73.1,0.0636853474347,-0.135595357682,0.00211631228855
73.2,-0.00251765364201,-0.100017542642,0.00236690680472
73.4,0.00175951133311,-0.102608199296,0.00236690680472
73.5,0.00603667630824,-0.10519885595,0.00236690680472
73.6,0.0103138412834,-0.107789512604,0.00236690680472
73.7,0.0145910062585,-0.110380169258,0.00236690680472
73.8,0.0274225011839,-0.118152139221,0.00236690680472
73.9,0.031699666159,-0.120742795875,0.00236690680472
74.0,0.0359768311341,-0.123333452529,0.00236690680472
74.1,0.0402539961092,-0.125924109183,0.00236690680472
74.3,0.0445311610844,-0.128514765837,0.00236690680472
74.4,0.0488083260595,-0.131105422491,0.00236690680472
74.6,0.0530854910346,-0.133696079145,0.00236690680472
74.7,0.0573626560098,-0.136286735799,0.00236690680472
74.9,-0.0245549559811,-0.0745687247542,0.00153031914485
75.0,-0.0202777910059,-0.0771593814082,0.00153031914485
75.1,-0.00316913110543,-0.0875220080244,0.00153031914485
75.3,0.0011080338697,-0.0901126646784,0.00153031914485
75.5,0.00538519884482,-0.0927033213325,0.00153031914485
75.7,0.00966236381995,-0.0952939779865,0.00153031914485
75.9,0.0139395287951,-0.0978846346406,0.00153031914485
76.0,0.0182166937702,-0.100475291295,0.00153031914485
76.1,0.0224938587453,-0.103065947949,0.00153031914485
76.3,0.0267710237205,-0.105656604603,0.00153031914485
76.5,0.0310481886956,-0.108247261257,0.00153031914485
76.6,0.0353253536707,-0.110837917911,0.00153031914485
76.8,0.0815416767227,-0.074395168934,0.00170485207005
76.9,0.0863251646354,-0.0641026516955,0.00173975865509
77.0,0.0900565967375,-0.0533803900534,0.00177466524013
77.2,0.0926979684375,-0.0423356413558,0.00180957182517
77.4,0.0942221826627,-0.031078956555,0.00184447841021
77.6,0.0946133276565,-0.0197230736644,0.00187938499525
77.8,0.0938668427857,-0.0083817886689,0.00191429158029
77.9,0.0980939954403,-0.00571112211764,0.00191429158029
78.1,0.102321148095,-0.00304045556639,0.00191429158029
78.3,0.106548300749,-0.000369789015129,0.00191429158029
78.4,0.140365521986,0.0209955433949,0.00191429158029
78.5,0.144592674641,0.0236662099462,0.00191429158029
78.7,0.148819827295,0.0263368764974,0.00191429158029
78.8,0.15304697995,0.0290075430487,0.00191429158029
79.0,0.157274132604,0.0316782096,0.00191429158029
79.1,0.161501285259,0.0343488761512,0.00191429158029
79.2,0.165728437914,0.0370195427025,0.00191429158029
79.3,0.169955590568,0.0396902092537,0.00191429158029
79.5,0.174182743223,0.042360875805,0.00191429158029
79.7,0.178409895877,0.0450315423562,0.00191429158029
79.8,-1.8625471895,1.24577597839,-0.0487002054693
80.0,-1.85832003685,1.24844664494,-0.0487002054693
80.1,-1.85409288419,1.25111731149,-0.0487002054693
80.2,-1.84986573154,1.25378797804,-0.0487002054693
80.3,-1.84563857888,1.25645864459,-0.0487002054693
80.4,-1.84141142623,1.25912931115,-0.0487002054693
80.5,-1.83718427358,1.2617999777,-0.0487002054693
80.6,-1.83295712092,1.26447064425,-0.0487002054693
80.8,-1.82872996827,1.2671413108,-0.0487002054693
81.0,-1.82450281561,1.26981197735,-0.0487002054693
81.1,-1.80759420499,1.28049464356,-0.0487002054693
81.2,-1.80336705234,1.28316531011,-0.0487002054693
81.3,-1.79913989968,1.28583597666,-0.0487002054693
81.5,-1.79491274703,1.28850664321,-0.0487002054693
81.6,-1.79068559438,1.29117730976,-0.0487002054693
81.7,-0.0259594544791,-0.105851883128,0.000520302450151
81.8,-0.0217323018245,-0.103181216576,0.000520302450151
81.9,-0.01750514917,-0.100510550025,0.000520302450151
82.0,-0.0132779965154,-0.0978398834738,0.000520302450151
82.1,-0.00905084386079,-0.0951692169225,0.000520302450151
82.3,-0.00482369120621,-0.0924985503713,0.000520302450151
82.5,-0.000596538551628,-0.08982788382,0.000520302450151
82.7,0.0163120720667,-0.079145217615,0.000520302450151
82.8,0.0205392247213,-0.0764745510637,0.000520302450151
83.0,0.0247663773759,-0.0738038845125,0.000520302450151
83.1,0.0289935300305,-0.0711332179612,0.000520302450151
83.2,0.033220682685,-0.06846255141,0.000520302450151
83.4,0.0374478353396,-0.0657918848587,0.000520302450151
83.5,0.0416749879942,-0.0631212183075,0.000520302450151
83.6,0.0459021406488,-0.0604505517562,0.000520302450151
83.8,0.0501292933034,-0.0577798852049,0.000520302450151
83.9,0.054356445958,-0.0551092186537,0.000520302450151
84.0,0.0754922092309,-0.0417558858974,0.000520302450151
84.2,0.0797193618855,-0.0390852193461,0.000520302450151
84.3,0.08394651454,-0.0364145527949,0.000520302450151
84.5,0.0881736671946,-0.0337438862436,0.000520302450151
84.6,0.0924008198492,-0.0310732196924,0.000520302450151
84.7,0.0966279725038,-0.0284025531411,0.000520302450151
84.9,0.100855125158,-0.0257318865899,0.000520302450151
85.0,0.105082277813,-0.0230612200386,0.000520302450151
85.1,0.109309430468,-0.0203905534873,0.000520302450151
85.2,0.113536583122,-0.0177198869361,0.000520302450151
85.3,0.13044519374,-0.00703722073106,0.000520302450151
85.4,0.134672346395,-0.0043665541798,0.000520302450151
85.5,0.13889949905,-0.00169588762854,0.000520302450151
85.6,0.143126651704,0.000974778922715,0.000520302450151
85.7,0.147353804359,0.00364544547397,0.000520302450151
85.8,0.151580957013,0.00631611202523,0.000520302450151
85.9,0.155808109668,0.00898677857649,0.000520302450151
86.1,0.160035262323,0.0116574451277,0.000520302450151
86.2,0.0443842413485,-0.110197591923,0.00124264889838
86.3,0.048611394003,-0.107526925372,0.00124264889838
86.4,0.0570656993122,-0.10218559227,0.00124264889838
86.5,0.0612928519668,-0.0995149257183,0.00124264889838
86.6,0.0655200046214,-0.0968442591671,0.00124264889838
86.8,0.069747157276,-0.0941735926158,0.00124264889838
86.9,0.0739743099305,-0.0915029260646,0.00124264889838
87.0,0.0782014625851,-0.0888322595133,0.00124264889838
87.1,0.0824286152397,-0.0861615929621,0.00124264889838
87.2,0.0866557678943,-0.0834909264108,0.00124264889838
87.3,0.096103723004,-0.0899294986594,0.00120774231334
87.4,0.104863019765,-0.0972825431386,0.0011728357283
87.6,0.119970568088,-0.114430756652,0.00110302255822
87.8,0.126166443306,-0.124054905934,0.00106811597318
88.0,0.131370444246,-0.134253193519,0.00103320938814
88.2,0.135529842631,-0.144923699707,0.000998302803105
88.3,0.13860235334,-0.155959713591,0.000963396218065
88.4,0.140556564163,-0.16725080022,0.000928489633025
88.5,0.14137225679,-0.1786839057,0.000893583047985
88.7,0.141040615748,-0.19014448916,0.000858676462945
88.8,0.145317780723,-0.192735145814,0.000858676462945
89.0,0.149594945698,-0.195325802468,0.000858676462945
89.1,0.179535100524,-0.213460399046,0.000858676462945
89.2,0.0619098286743,-0.30055321675,0.000764554031694
89.3,0.0661869936494,-0.303143873404,0.000764554031694
89.4,0.0704641586245,-0.305734530058,0.000764554031694
89.5,0.0747413235997,-0.308325186712,0.000764554031694
89.6,0.0790184885748,-0.310915843366,0.000764554031694
89.7,0.0832956535499,-0.31350650002,0.000764554031694
89.8,0.087572818525,-0.316097156674,0.000764554031694
89.9,0.0918499835002,-0.318687813328,0.000764554031694
90.0,0.0961271484753,-0.321278469982,0.000764554031694
90.1,0.10040431345,-0.323869126636,0.000764554031694
90.2,0.104681478426,-0.32645978329,0.000764554031694
90.4,0.108958643401,-0.329050439944,0.000764554031694
90.5,0.113235808376,-0.331641096598,0.000764554031694
90.7,0.117512973351,-0.334231753252,0.000764554031694
90.8,0.121790138326,-0.336822409906,0.000764554031694
90.9,0.126067303301,-0.33941306656,0.000764554031694
91.1,0.130344468276,-0.342003723214,0.000764554031694
91.2,0.134621633251,-0.344594379868,0.000764554031694
91.3,0.138898798227,-0.347185036522,0.000764554031694
91.4,0.143175963202,-0.349775693177,0.000764554031694
91.6,0.160284623102,-0.360138319793,0.000764554031694
91.7,0.164561788077,-0.362728976447,0.000764554031694
91.8,0.168838953052,-0.365319633101,0.000764554031694
91.9,0.173116118028,-0.367910289755,0.000764554031694
92.0,0.177393283003,-0.370500946409,0.000764554031694
92.1,0.181670447978,-0.373091603063,0.000764554031694
92.2,0.0881907721813,-0.0912036192222,-5.80555593902e-05
92.3,0.0924679371564,-0.0937942758762,-5.80555593902e-05
92.4,0.0967451021315,-0.0963849325303,-5.80555593902e-05
92.5,0.101022267107,-0.0989755891843,-5.80555593902e-05
92.6,0.109576597057,-0.104156902492,-5.80555593902e-05
92.7,0.113853762032,-0.106747559146,-5.80555593902e-05
92.8,0.118130927007,-0.109338215801,-5.80555593902e-05
92.9,0.122408091982,-0.111928872455,-5.80555593902e-05
93.1,0.126685256957,-0.114519529109,-5.80555593902e-05
93.2,0.130962421933,-0.117110185763,-5.80555593902e-05
93.4,0.135239586908,-0.119700842417,-5.80555593902e-05
93.5,0.139516751883,-0.122291499071,-5.80555593902e-05
93.7,0.143793916858,-0.124882155725,-5.80555593902e-05
93.8,0.148071081833,-0.127472812379,-5.80555593902e-05
93.9,0.165179741734,-0.137835438995,-5.80555593902e-05
94.0,0.169456906709,-0.140426095649,-5.80555593902e-05
94.1,0.173734071684,-0.143016752303,-5.80555593902e-05
94.2,0.178011236659,-0.145607408957,-5.80555593902e-05
94.4,0.182288401634,-0.148198065611,-5.80555593902e-05
94.6,0.190842731584,-0.153379378919,-5.80555593902e-05
94.7,0.195119896559,-0.155970035573,-5.80555593902e-05
94.9,0.199397061535,-0.158560692227,-5.80555593902e-05
95.0,0.20367422651,-0.161151348881,-5.80555593902e-05
95.1,0.152598079871,-0.140126218153,6.25897399139e-05
95.2,0.156875244846,-0.142716874808,6.25897399139e-05
95.4,0.161152409821,-0.145307531462,6.25897399139e-05
95.5,0.165429574796,-0.147898188116,6.25897399139e-05
95.6,0.169706739771,-0.15048884477,6.25897399139e-05
95.7,0.173983904746,-0.153079501424,6.25897399139e-05
95.8,0.191092564647,-0.16344212804,6.25897399139e-05
96.0,0.195369729622,-0.166032784694,6.25897399139e-05
96.2,0.199646894597,-0.168623441348,6.25897399139e-05
96.3,0.203924059572,-0.171214098002,6.25897399139e-05
96.4,0.208201224547,-0.173804754656,6.25897399139e-05
96.5,0.212478389522,-0.17639541131,6.25897399139e-05
96.6,0.216755554498,-0.178986067964,6.25897399139e-05
96.7,0.221032719473,-0.181576724618,6.25897399139e-05
96.8,0.225309884448,-0.184167381272,6.25897399139e-05
96.9,0.229587049423,-0.186758037926,6.25897399139e-05
97.0,0.221792195126,-0.220161057152,-4.21300152061e-05
97.1,0.217012019665,-0.230596571067,-7.70366002458e-05
97.2,0.211210769821,-0.240504616246,-0.000111943185286
97.3,0.204446033015,-0.249785567239,-0.000146849770325
97.4,0.196785088066,-0.258346029827,-0.000181756355365
97.5,0.188304236085,-0.266099780803,-0.000216662940405
97.6,0.179088040545,-0.272968636387,-0.000251569525445
97.8,0.169228484091,-0.278883240517,-0.000286476110485
97.9,0.15882405051,-0.283783765079,-0.000321382695525
98.1,0.147978741004,-0.287620515004,-0.000356289280565
98.2,0.113898191629,-0.292412994034,-0.000461009035684
98.3,0.102402474983,-0.291715729295,-0.000495915620724
98.5,0.0910309032492,-0.289872044938,-0.000530822205764
98.6,0.0798975460258,-0.286899784095,-0.000565728790803
98.7,0.0763550156266,-0.290431064024,-0.000565728790803
98.8,0.0728124852274,-0.293962343953,-0.000565728790803
98.9,0.0692699548281,-0.297493623883,-0.000565728790803
99.0,0.0657274244289,-0.301024903812,-0.000565728790803
99.1,0.0621848940297,-0.304556183741,-0.000565728790803
99.2,0.0586423636304,-0.30808746367,-0.000565728790803
99.4,0.051557302832,-0.315150023528,-0.000565728790803
99.5,0.0480147724328,-0.318681303457,-0.000565728790803
99.6,0.0444722420335,-0.322212583386,-0.000565728790803
99.8,0.0409297116343,-0.325743863315,-0.000565728790803
99.9,2.09452144662,-2.99979366031,0.0489331490789
100.0,2.09097891622,-3.00332494024,0.0489331490789
100.1,2.08743638582,-3.00685622016,0.0489331490789
100.2,2.08389385542,-3.01038750009,0.0489331490789
100.3,2.08035132503,-3.01391878002,0.0489331490789
100.5,2.07680879463,-3.01745005995,0.0489331490789
100.6,2.06263867303,-3.03157517967,0.0489331490789
100.7,2.05909614263,-3.0351064596,0.0489331490789
100.9,2.05555361223,-3.03863773953,0.0489331490789
101.1,2.05201108183,-3.04216901946,0.0489331490789
101.2,2.04846855143,-3.04570029938,0.0489331490789
101.3,2.04492602103,-3.04923157931,0.0489331490789
101.4,2.04138349063,-3.05276285924,0.0489331490789
101.5,2.03784096023,-3.05629413917,0.0489331490789
101.7,2.03429842984,-3.0598254191,0.0489331490789
101.8,-0.055734581308,-0.019439033053,-0.00320283964825
102.0,-0.0699047029049,-0.0335641527693,-0.00320283964825
102.2,-0.0734472333041,-0.0370954326984,-0.00320283964825
102.3,-0.0769897637033,-0.0406267126275,-0.00320283964825
102.4,-0.087617354901,-0.0512205524147,-0.00320283964825
102.5,-0.0911598853002,-0.0547518323438,-0.00320283964825
102.6,-0.0947024156995,-0.0582831122729,-0.00320283964825
102.7,-0.0982449460987,-0.0618143922019,-0.00320283964825
102.9,-0.101787476498,-0.065345672131,-0.00320283964825
103.0,-0.105330006897,-0.0688769520601,-0.00320283964825
103.2,-0.108872537296,-0.0724082319892,-0.00320283964825
103.4,-0.112415067696,-0.0759395119182,-0.00320283964825
103.6,-0.115957598095,-0.0794707918473,-0.00320283964825
103.7,-0.119500128494,-0.0830020717764,-0.00320283964825
103.8,-0.123042658893,-0.0865333517055,-0.00320283964825
104.0,-0.126585189293,-0.0900646316346,-0.00320283964825
104.1,-0.130127719692,-0.0935959115637,-0.00320283964825
104.2,-0.133670250091,-0.0971271914927,-0.00320283964825
104.3,-0.13721278049,-0.100658471422,-0.00320283964825
104.4,-0.140755310889,-0.104189751351,-0.00320283964825
104.6,-0.144297841289,-0.10772103128,-0.00320283964825
104.7,-0.147840371688,-0.111252311209,-0.00320283964825
104.9,-0.151382902087,-0.114783591138,-0.00320283964825
105.0,-0.179723145281,-0.143033830571,-0.00320283964825
105.1,-0.18326567568,-0.1465651105,-0.00320283964825
105.2,-0.186808206079,-0.150096390429,-0.00320283964825
105.3,0.061118857822,0.00430155918893,-0.00382717719903
105.5,0.0575763274227,0.000770279259846,-0.00382717719903
105.6,0.0540337970235,-0.00276100066924,-0.00382717719903
105.7,0.0504912666243,-0.00629228059832,-0.00382717719903
105.8,0.046948736225,-0.0098235605274,-0.00382717719903
105.9,0.0434062058258,-0.0133548404565,-0.00382717719903
106.0,0.0398636754266,-0.0168861203856,-0.00382717719903
106.2,0.0327786146281,-0.0239486802437,-0.00382717719903
106.4,0.0256935538297,-0.0310112401019,-0.00382717719903
106.5,0.0221510234304,-0.034542520031,-0.00382717719903
106.6,0.0186084930312,-0.0380737999601,-0.00382717719903
106.7,0.015065962632,-0.0416050798891,-0.00382717719903
106.8,0.0115234322327,-0.0451363598182,-0.00382717719903
106.9,0.00798090183351,-0.0486676397473,-0.00382717719903
107.0,0.00443837143428,-0.0521989196764,-0.00382717719903
107.2,0.000895841035047,-0.0557301996055,-0.00382717719903
107.3,-0.00973175016264,-0.0663240393927,-0.00382717719903
107.4,-0.0132742805619,-0.0698553193218,-0.00382717719903
107.5,-0.0168168109611,-0.0733865992509,-0.00382717719903
107.6,-0.0203593413603,-0.0769178791799,-0.00382717719903
107.7,-0.0239018717596,-0.080449159109,-0.00382717719903
107.8,-0.0274444021588,-0.0839804390381,-0.00382717719903
107.9,-0.030986932558,-0.0875117189672,-0.00382717719903
108.0,-0.0345294629573,-0.0910429988963,-0.00382717719903
108.2,-0.0380719933565,-0.0945742788254,-0.00382717719903
108.3,-0.0416145237557,-0.0981055587544,-0.00382717719903
108.4,-0.0627230610552,-0.0889030143157,-0.00389699036911
108.5,-0.0724861774643,-0.0827637819628,-0.00393189695415
108.6,-0.0815890824386,-0.0756771748327,-0.00396680353919
108.7,0.0252460886739,-0.0700755671839,-0.00107897560019
108.8,0.0177309930371,-0.0613145843111,-0.00111388218523
108.9,0.0111276751539,-0.0518434694707,-0.00114878877027
109.1,0.00550284065136,-0.0417567739902,-0.00118369535531
109.3,0.000913422918734,-0.0311552729296,-0.00121860194035
109.4,-0.00259399307023,-0.020144958249,-0.00125350852539
109.5,-0.00498364350816,-0.0088359791196,-0.00128841511043
109.6,-0.0192110962103,-0.00405398654366,-0.00128841511043
109.8,-0.0239535804444,-0.00245998901834,-0.00128841511043
110.0,-0.0286960646784,-0.000865991493028,-0.00128841511043
110.1,-0.0334385489125,0.000728006032285,-0.00128841511043
110.2,-0.0381810331465,0.0023220035576,-0.00128841511043
110.3,-0.0429235173806,0.00391600108291,-0.00128841511043
110.5,-0.0476660016146,0.00550999860823,-0.00128841511043
110.6,-0.0524084858487,0.00710399613354,-0.00128841511043
110.7,-0.0571509700828,0.00869799365885,-0.00128841511043
110.8,-0.0618934543168,0.0102919911842,-0.00128841511043
110.9,-0.080863391253,0.0166679812854,-0.00128841511043
111.0,-0.0856058754871,0.0182619788107,-0.00128841511043
111.2,-0.0903483597211,0.019855976336,-0.00128841511043
111.3,1.65856779252,-0.922801810186,0.0422869684893
111.4,1.65382530829,-0.92120781266,0.0422869684893
111.6,1.64908282405,-0.919613815135,0.0422869684893
111.7,1.64434033982,-0.91801981761,0.0422869684893
111.8,1.63959785559,-0.916425820084,0.0422869684893
112.0,1.63485537135,-0.914831822559,0.0422869684893
112.2,1.63011288712,-0.913237825034,0.0422869684893
112.4,1.60640046595,-0.905267837407,0.0422869684893
112.5,1.60165798171,-0.903673839882,0.0422869684893
112.7,1.59691549748,-0.902079842357,0.0422869684893
112.8,1.59217301324,-0.900485844831,0.0422869684893
112.9,1.57794556054,-0.895703852255,0.0422869684893
113.0,1.57320307631,-0.89410985473,0.0422869684893
113.1,1.56846059207,-0.892515857205,0.0422869684893
113.2,1.56371810784,-0.890921859679,0.0422869684893
113.3,1.55897562361,-0.889327862154,0.0422869684893
113.5,1.55423313937,-0.887733864629,0.0422869684893
113.6,1.54949065514,-0.886139867103,0.0422869684893
113.7,1.5447481709,-0.884545869578,0.0422869684893
113.8,1.54000568667,-0.882951872053,0.0422869684893
113.9,1.53526320244,-0.881357874528,0.0422869684893
114.1,1.52577823397,-0.878169879477,0.0422869684893
114.2,1.57320348336,-0.880349000311,0.0422152026431
114.3,1.56846099912,-0.878755002786,0.0422152026431
114.4,1.56371851489,-0.87716100526,0.0422152026431
114.6,1.55897603065,-0.875567007735,0.0422152026431
114.7,1.55423354642,-0.87397301021,0.0422152026431
114.9,1.54949106219,-0.872379012684,0.0422152026431
115.0,1.54474857795,-0.870785015159,0.0422152026431
115.1,1.54000609372,-0.869191017634,0.0422152026431
115.2,1.53526360948,-0.867597020108,0.0422152026431
115.4,1.51629367255,-0.861221030007,0.0422152026431
115.5,1.51155118831,-0.859627032482,0.0422152026431
115.6,1.50680870408,-0.858033034957,0.0422152026431
115.7,1.50206621984,-0.856439037431,0.0422152026431
115.8,1.49732373561,-0.854845039906,0.0422152026431
115.9,1.49258125138,-0.853251042381,0.0422152026431
116.0,1.48783876714,-0.851657044855,0.0422152026431
116.1,1.48309628291,-0.85006304733,0.0422152026431
116.2,1.47835379867,-0.848469049805,0.0422152026431
116.4,1.47361131444,-0.846875052279,0.0422152026431
116.5,1.45938386174,-0.842093059703,0.0422152026431
116.6,1.4546413775,-0.840499062178,0.0422152026431
116.7,1.44989889327,-0.838905064653,0.0422152026431
116.8,1.44266744386,-0.847511070175,0.0422501092281
117.0,1.43633096164,-0.856799672402,0.0422850158132
117.1,1.43095348765,-0.866678127959,0.0423199223982
117.2,1.42658948376,-0.877047726716,0.0423548289833
117.3,1.4232832811,-0.887804778147,0.0423897355683
117.4,1.42106862989,-0.898841648185,0.0424246421533
117.5,1.41996835506,-0.910047836191,0.0424595487384
117.6,1.6378921795,-0.960943287683,0.0421926733086
117.8,1.64015987693,-0.971982453314,0.0422275798936
117.9,1.64352098014,-0.982742601577,0.0422624864787
118.0,1.64794241023,-0.99311568997,0.0422973930637
118.1,1.6447730135,-0.996985237592,0.0422973930637
118.2,1.64160361677,-1.00085478521,0.0422973930637
118.4,1.63843422004,-1.00472433284,0.0422973930637
118.5,1.63526482331,-1.00859388046,0.0422973930637
118.6,1.63209542658,-1.01246342808,0.0422973930637
118.7,1.62892602985,-1.0163329757,0.0422973930637
118.9,1.61941783966,-1.02794161857,0.0422973930637
119.0,0.345286026786,-0.0928333245684,0.00796890052935
119.1,0.342116630055,-0.0967028721903,0.00796890052935
119.2,0.338947233325,-0.100572419812,0.00796890052935
119.3,0.335777836594,-0.104441967434,0.00796890052935
119.5,0.332608439863,-0.108311515056,0.00796890052935
119.7,0.329439043132,-0.112181062678,0.00796890052935
119.8,0.326269646402,-0.116050610299,0.00796890052935
119.9,0.323100249671,-0.119920157921,0.00796890052935
120.0,0.31993085294,-0.123789705543,0.00796890052935
120.1,0.307253266017,-0.139267896031,0.00796890052935
120.3,0.304083869286,-0.143137443652,0.00796890052935
120.4,0.300914472556,-0.147006991274,0.00796890052935
120.5,0.297745075825,-0.150876538896,0.00796890052935
120.6,0.294575679094,-0.154746086518,0.00796890052935
120.7,0.291406282363,-0.15861563414,0.00796890052935
120.8,0.288236885633,-0.162485181762,0.00796890052935
120.9,0.285067488902,-0.166354729383,0.00796890052935
121.0,0.281898092171,-0.170224277005,0.00796890052935
121.1,0.27872869544,-0.174093824627,0.00796890052935
121.3,0.272389901979,-0.181832919871,0.00796890052935
121.4,0.269220505248,-0.185702467493,0.00796890052935
121.5,0.266051108517,-0.189572015114,0.00796890052935
121.6,0.262881711787,-0.193441562736,0.00796890052935
121.8,0.259712315056,-0.197311110358,0.00796890052935
121.9,0.256542918325,-0.20118065798,0.00796890052935
122.0,0.253373521594,-0.205050205602,0.00796890052935
122.1,0.250204124864,-0.208919753224,0.00796890052935
122.2,0.266565228424,-0.042955929935,0.00263086668464
122.3,0.263395831693,-0.0468254775568,0.00263086668464
122.5,0.253887641501,-0.0584341204223,0.00263086668464
122.7,0.25071824477,-0.0623036680442,0.00263086668464
122.9,0.247548848039,-0.066173215666,0.00263086668464
123.1,0.244379451309,-0.0700427632879,0.00263086668464
123.2,0.241210054578,-0.0739123109097,0.00263086668464
123.4,0.238040657847,-0.0777818585316,0.00263086668464
123.6,0.261041208109,-0.0251823942003,0.00255113064762
123.8,0.257871811378,-0.0290519418221,0.00255113064762
123.9,0.254702414647,-0.0329214894439,0.00255113064762
124.0,0.251533017916,-0.0367910370658,0.00255113064762
124.2,0.22617784407,-0.0677474180405,0.00255113064762
124.3,0.22300844734,-0.0716169656624,0.00255113064762
124.4,0.219839050609,-0.0754865132842,0.00255113064762
124.5,0.216669653878,-0.079356060906,0.00255113064762
124.6,0.213500257148,-0.0832256085279,0.00255113064762
124.8,0.210330860417,-0.0870951561497,0.00255113064762
124.9,0.207161463686,-0.0909647037716,0.00255113064762
125.0,0.269706267763,-0.0124702207548,0.00518848823421
125.2,0.266536871032,-0.0163397683766,0.00518848823421
125.3,0.263367474301,-0.0202093159984,0.00518848823421
125.5,0.250689887378,-0.0356875064858,0.00518848823421
125.6,0.247520490648,-0.0395570541077,0.00518848823421
125.7,0.244351093917,-0.0434266017295,0.00518848823421
125.8,0.241181697186,-0.0472961493513,0.00518848823421
125.9,0.238012300455,-0.0511656969732,0.00518848823421
126.0,0.234842903725,-0.055035244595,0.00518848823421
126.2,0.231673506994,-0.0589047922169,0.00518848823421
126.3,0.228504110263,-0.0627743398387,0.00518848823421
126.4,0.225334713532,-0.0666438874605,0.00518848823421
126.6,0.222165316802,-0.0705134350824,0.00518848823421
126.8,0.209487729879,-0.0859916255697,0.00518848823421
127.0,0.206318333148,-0.0898611731916,0.00518848823421
127.2,0.203148936417,-0.0937307208134,0.00518848823421
127.3,0.199979539686,-0.0976002684353,0.00518848823421
127.4,0.196810142956,-0.101469816057,0.00518848823421
127.5,0.193640746225,-0.105339363679,0.00518848823421
127.6,0.190471349494,-0.109208911301,0.00518848823421
127.7,0.187301952763,-0.113078458923,0.00518848823421
127.8,0.0879350741925,0.0374180732201,-0.00187939722766
127.9,0.0847656774617,0.0335485255983,-0.00187939722766
128.0,0.0720880905387,0.0180703351109,-0.00187939722766
128.1,0.068918693808,0.0142007874891,-0.00187939722766
128.2,0.0657492970772,0.0103312398673,-0.00187939722766
128.3,0.0625799003465,0.00646169224541,-0.00187939722766
128.4,0.0594105036157,0.00259214462357,-0.00187939722766
128.6,0.056241106885,-0.00127740299827,-0.00187939722766
128.7,0.0530717101542,-0.00514695062011,-0.00187939722766
128.8,0.0499023134235,-0.00901649824196,-0.00187939722766
128.9,0.0467329166928,-0.0128860458638,-0.00187939722766
129.0,0.043563519962,-0.0167555934856,-0.00187939722766
129.1,0.0372247265005,-0.0244946887293,-0.00187939722766
129.2,0.0607747528702,0.00986678822074,-0.00192023662616
129.3,0.0576053561395,0.0059972405989,-0.00192023662616
129.4,0.0544359594087,0.00212769297706,-0.00192023662616
129.6,0.051266562678,-0.00174185464478,-0.00192023662616
129.7,0.0480971659472,-0.00561140226662,-0.00192023662616
129.8,0.0449277692165,-0.00948094988847,-0.00192023662616
129.9,0.0417583724857,-0.0133504975103,-0.00192023662616
130.0,0.038588975755,-0.0172200451321,-0.00192023662616
130.1,0.0354195790242,-0.021089592754,-0.00192023662616
130.2,0.0290807855627,-0.0288286879977,-0.00192023662616
130.3,0.025911388832,-0.0326982356195,-0.00192023662616
130.5,0.0227419921012,-0.0365677832414,-0.00192023662616
130.7,0.0532300081043,0.0147688407331,-0.00185342027933
130.8,0.0500606113736,0.0108992931113,-0.00185342027933
130.9,0.0468912146428,0.00702974548943,-0.00185342027933
131.0,0.0437218179121,0.00316019786758,-0.00185342027933
131.2,0.0405524211813,-0.000709349754256,-0.00185342027933
131.3,0.0373830244506,-0.0045788973761,-0.00185342027933
131.4,0.0342136277198,-0.00844844499794,-0.00185342027933
131.6,0.0501826415703,-0.0400980034316,-0.00174870052421
131.7,0.0583086885365,-0.0479342287972,-0.00171379393917
131.8,0.0671800748907,-0.0549206370436,-0.00167888735413
131.9,0.0767082769667,-0.0609866996423,-0.00164398076909
132.1,0.0867981356617,-0.0660710758526,-0.00160907418405
132.3,0.0973488067995,-0.0701222329243,-0.00157416759901
132.4,0.108254769029,-0.0730989683077,-0.00153926101397
132.5,0.119406879182,-0.0749708285824,-0.00150435442893
132.6,0.130693464542,-0.0757184208457,-0.00146944784389
132.7,0.142001441085,-0.0753336133776,-0.00143454125885
132.8,0.170853829591,-0.0786837082444,-0.00136472808877
132.9,0.174166256073,-0.0824300664894,-0.00136472808877
133.1,0.177478682556,-0.0861764247344,-0.00136472808877
133.3,0.180791109039,-0.0899227829794,-0.00136472808877
133.4,0.184103535522,-0.0936691412244,-0.00136472808877
133.5,0.187415962005,-0.0974154994694,-0.00136472808877
133.6,0.190728388488,-0.101161857714,-0.00136472808877
133.7,0.194040814971,-0.104908215959,-0.00136472808877
133.8,0.197353241453,-0.108654574204,-0.00136472808877
134.0,0.200665667936,-0.112400932449,-0.00136472808877
134.2,0.213915373868,-0.127386365429,-0.00136472808877
134.4,-0.0239165243874,-0.00303343728901,-3.62755088309e-05
134.5,-0.0206040979046,-0.00677979553401,-3.62755088309e-05
134.6,-0.0172916714217,-0.010526153779,-3.62755088309e-05
134.8,-0.0139792449389,-0.014272512024,-3.62755088309e-05
134.9,-0.0106668184561,-0.018018870269,-3.62755088309e-05
135.0,-0.00735439197321,-0.021765228514,-3.62755088309e-05
135.1,-0.00404196549036,-0.025511586759,-3.62755088309e-05
135.3,-0.00072953900751,-0.029257945004,-3.62755088309e-05
135.4,0.00258288747534,-0.033004303249,-3.62755088309e-05
135.6,0.0191450198896,-0.0517360944741,-3.62755088309e-05
135.7,0.0224574463724,-0.0554824527191,-3.62755088309e-05
135.8,0.0257698728553,-0.0592288109641,-3.62755088309e-05
135.9,-0.0321035252408,0.0271175176337,-0.000523947821948
136.1,-0.0287910987579,0.0233711593887,-0.000523947821948
136.2,-0.0254786722751,0.0196248011437,-0.000523947821948
136.3,-0.0221662457922,0.0158784428987,-0.000523947821948
136.4,-0.0188538193094,0.0121320846537,-0.000523947821948
136.5,-0.0155413928265,0.00838572640867,-0.000523947821948
136.7,-0.0122289663437,0.00463936816366,-0.000523947821948
136.9,0.00102073958769,-0.0103460648164,-0.000523947821948
137.0,0.00433316607054,-0.0140924230614,-0.000523947821948
137.1,0.00764559255339,-0.0178387813064,-0.000523947821948
137.3,0.0109580190362,-0.0215851395514,-0.000523947821948
137.4,0.0142704455191,-0.0253314977964,-0.000523947821948
137.5,0.0175828720019,-0.0290778560414,-0.000523947821948
137.6,0.0208952984848,-0.0328242142864,-0.000523947821948
137.7,0.0242077249676,-0.0365705725314,-0.000523947821948
137.9,0.0275201514505,-0.0403169307764,-0.000523947821948
138.0,0.0308325779333,-0.0440632890214,-0.000523947821948
138.1,0.0440822838647,-0.0590487220014,-0.000523947821948
138.3,0.0473947103476,-0.0627950802464,-0.000523947821948
138.4,0.0507071368304,-0.0665414384914,-0.000523947821948
138.5,0.0540195633133,-0.0702877967364,-0.000523947821948
138.7,0.0573319897961,-0.0740341549814,-0.000523947821948
138.8,-0.026919851812,0.038385851249,-0.00113224426371
138.9,-0.0236074253292,0.0346394930039,-0.00113224426371
139.0,-0.0202949988463,0.0308931347589,-0.00113224426371
139.1,-0.0169825723635,0.0271467765139,-0.00113224426371
139.3,-0.0136701458806,0.0234004182689,-0.00113224426371
139.4,-0.000420439949235,0.00841498528891,-0.00113224426371
139.6,0.00289198653361,0.00466862704391,-0.00113224426371
139.7,0.00620441301646,0.000922268798902,-0.00113224426371
139.8,0.00951683949931,-0.0028240894461,-0.00113224426371
139.9,0.0128292659822,-0.00657044769111,-0.00113224426371
140.0,-0.028289648076,0.0204003154371,-0.00091788576034
140.1,-0.0249772215931,0.0166539571921,-0.00091788576034
140.3,-0.0216647951103,0.0129075989471,-0.00091788576034
140.5,-0.0183523686274,0.00916124070205,-0.00091788576034
140.6,-0.0150399421446,0.00541488245705,-0.00091788576034
140.7,-0.00179023621318,-0.00957055052297,-0.00091788576034
140.8,-0.0381165974273,0.017131798042,-0.000809025838188
140.9,-0.0348041709444,0.013385439797,-0.000809025838188
141.0,-0.0314917444616,0.00963908155199,-0.000809025838188
141.2,-0.0281793179787,0.00589272330698,-0.000809025838188
141.3,-0.0248668914959,0.00214636506198,-0.000809025838188
141.4,-0.021554465013,-0.00159999318303,-0.000809025838188
141.6,-0.0182420385302,-0.00534635142803,-0.000809025838188
141.7,-0.0149296120473,-0.00909270967304,-0.000809025838188
141.8,-0.0116171855645,-0.012839067918,-0.000809025838188
141.9,-0.00167990611592,-0.0240781426531,-0.000809025838188
142.0,0.00163252036692,-0.0278245008981,-0.000809025838188
142.1,0.00494494684977,-0.0315708591431,-0.000809025838188
142.2,0.00825737333262,-0.0353172173881,-0.000809025838188
142.3,0.0115697998155,-0.0390635756331,-0.000809025838188
142.5,0.0148822262983,-0.0428099338781,-0.000809025838188
142.7,0.0181946527812,-0.0465562921231,-0.000809025838188
142.8,0.021507079264,-0.0503026503681,-0.000809025838188
143.0,0.0248195057469,-0.0540490086131,-0.000809025838188
143.1,0.0281319322297,-0.0577953668581,-0.000809025838188
143.3,0.0413816381611,-0.0727807998381,-0.000809025838188
143.5,0.044694064644,-0.0765271580831,-0.000809025838188
143.7,-0.041274483829,0.0632960944826,-0.000857546936713
143.8,-0.0379620573461,0.0595497362376,-0.000857546936713
144.0,-0.0346496308633,0.0558033779926,-0.000857546936713
144.2,-0.0313372043804,0.0520570197476,-0.000857546936713
144.4,-0.0280247778976,0.0483106615026,-0.000857546936713
144.5,-0.0247123514148,0.0445643032576,-0.000857546936713
144.6,-0.0213999249319,0.0408179450126,-0.000857546936713
144.7,-0.0180874984491,0.0370715867676,-0.000857546936713
144.8,0.00509948693088,0.0108470790525,-0.000857546936713
144.9,0.00841191341373,0.00710072080752,-0.000857546936713
145.0,0.0117243398966,0.00335436256251,-0.000857546936713
145.1,0.0150367663794,-0.000391995682494,-0.000857546936713
145.2,0.0183491928623,-0.0041383539275,-0.000857546936713
145.4,0.0216616193451,-0.0078847121725,-0.000857546936713
145.5,0.024974045828,-0.0116310704175,-0.000857546936713
145.6,0.0282864723108,-0.0153774286625,-0.000857546936713
145.7,0.0315988987937,-0.0191237869075,-0.000857546936713
145.8,0.0018993305267,0.0195488295949,-0.000904395006521
145.9,0.0085241834924,0.0120561131049,-0.000904395006521
146.0,0.0118366099752,0.00830975485993,-0.000904395006521
146.1,0.0151490364581,0.00456339661493,-0.000904395006521
146.2,0.0184614629409,0.000817038369922,-0.000904395006521
146.4,0.0217738894238,-0.00292931987508,-0.000904395006521
146.5,0.0250863159066,-0.00667567812009,-0.000904395006521
146.6,0.0283987423895,-0.0104220363651,-0.000904395006521
146.7,0.0317111688723,-0.0141683946101,-0.000904395006521
146.8,0.0350235953552,-0.0179147528551,-0.000904395006521
146.9,0.038336021838,-0.0216611111001,-0.000904395006521
147.0,0.0449608748037,-0.0291538275901,-0.000904395006521
147.1,0.0482733012866,-0.0329001858351,-0.000904395006521
147.2,0.0515857277694,-0.0366465440801,-0.000904395006521
147.3,0.0622822650935,-0.032928994711,-0.000869488421481
147.4,0.0725563879259,-0.0281591841376,-0.000834581836442
147.5,0.082304849184,-0.0223843395261,-0.000799675251402
147.6,0.0914296139149,-0.0156617912326,-0.000764768666362
147.7,0.0998388451434,-0.00805840367639,-0.000729862081322
147.8,0.107447828129,0.000350089696619,-0.000694955496282
148.0,0.11417982373,0.00947984074732,-0.000660048911242
148.1,0.124962981582,0.0190351075709,-0.000625142326202
148.2,0.129959120879,0.018830492383,-0.000625142326202
148.3,0.134955260176,0.018625877195,-0.000625142326202
148.4,0.139951399472,0.0184212620071,-0.000625142326202
148.5,0.144947538769,0.0182166468192,-0.000625142326202
148.7,0.0748768534783,0.0737389504184,-0.000280002287911
148.9,0.0798729927749,0.0735343352305,-0.000280002287911
149.0,0.0848691320716,0.0733297200426,-0.000280002287911
149.1,0.0898652713682,0.0731251048546,-0.000280002287911
149.3,0.0948614106648,0.0729204896667,-0.000280002287911
149.4,0.114845967851,0.072102028915,-0.000280002287911
149.5,0.119842107148,0.0718974137271,-0.000280002287911
149.6,0.124838246445,0.0716927985392,-0.000280002287911
149.8,0.129834385741,0.0714881833513,-0.000280002287911
149.9,0.134830525038,0.0712835681633,-0.000280002287911
150.0,0.139826664334,0.0710789529754,-0.000280002287911
150.1,0.144822803631,0.0708743377875,-0.000280002287911
150.3,0.149818942928,0.0706697225996,-0.000280002287911
150.4,0.154815082224,0.0704651074116,-0.000280002287911
150.6,0.159811221521,0.0702604922237,-0.000280002287911
150.8,0.179795778707,0.069442031472,-0.000280002287911
150.9,0.184791918004,0.0692374162841,-0.000280002287911
151.0,0.189788057301,0.0690328010962,-0.000280002287911
151.1,0.194784196597,0.0688281859083,-0.000280002287911
151.2,0.199780335894,0.0686235707203,-0.000280002287911
151.3,0.204776475191,0.0684189555324,-0.000280002287911
151.4,0.209772614487,0.0682143403445,-0.000280002287911
151.5,0.214768753784,0.0680097251566,-0.000280002287911
151.6,0.21976489308,0.0678051099686,-0.000280002287911
151.7,0.224761032377,0.0676004947807,-0.000280002287911
151.8,0.23475331097,0.0671912644049,-0.000280002287911
152.0,-0.0764068056043,0.587110441727,-0.0131776805359
152.1,-0.0714106663077,0.586905826539,-0.0131776805359
152.2,-0.0664145270111,0.586701211351,-0.0131776805359
152.3,-0.0614183877145,0.586496596163,-0.0131776805359
152.4,-0.0564222484178,0.586291980975,-0.0131776805359
152.5,-0.0514261091212,0.586087365787,-0.0131776805359
152.6,-0.0464299698246,0.585882750599,-0.0131776805359
152.8,-0.041433830528,0.585678135412,-0.0131776805359
152.9,-0.0364376912313,0.585473520224,-0.0131776805359
153.0,-0.0214492733415,0.58485967466,-0.0131776805359
153.2,-0.0164531340448,0.584655059472,-0.0131776805359
153.3,-0.0114569947482,0.584450444284,-0.0131776805359
153.5,-0.00646085545159,0.584245829096,-0.0131776805359
153.6,-0.00146471615496,0.584041213908,-0.0131776805359
153.7,0.00353142314167,0.58383659872,-0.0131776805359
153.8,0.00852756243829,0.583631983532,-0.0131776805359
153.9,0.0135237017349,0.583427368344,-0.0131776805359
154.0,0.0185198410315,0.583222753156,-0.0131776805359
154.2,0.0235159803282,0.583018137969,-0.0131776805359
154.4,0.0435005375147,0.582199677217,-0.0131776805359
154.6,0.0484966768113,0.581995062029,-0.0131776805359
154.8,-0.0249424963757,0.541289721183,-0.0121798185616
155.0,-0.0199463570791,0.541085105995,-0.0121798185616
155.1,-0.0149502177824,0.540880490807,-0.0121798185616
155.2,-0.0099540784858,0.540675875619,-0.0121798185616
155.4,-0.00495793918917,0.540471260431,-0.0121798185616
155.5,3.82001074513e-05,0.540266645243,-0.0121798185616
155.7,0.00503433940408,0.540062030056,-0.0121798185616
155.9,0.0100304787007,0.539857414868,-0.0121798185616
156.1,0.0499995930737,0.538220493364,-0.0121798185616
156.2,0.0549957323703,0.538015878176,-0.0121798185616
156.3,0.059991871667,0.537811262988,-0.0121798185616
156.4,0.0649880109636,0.5376066478,-0.0121798185616
156.6,0.0699841502602,0.537402032613,-0.0121798185616
156.7,0.0749802895568,0.537197417425,-0.0121798185616
156.8,0.0799764288535,0.536992802237,-0.0121798185616
156.9,0.0849725681501,0.536788187049,-0.0121798185616
157.0,0.0899687074467,0.536583571861,-0.0121798185616
157.1,0.0949648467433,0.536378956673,-0.0121798185616
157.2,0.109953264633,0.535765111109,-0.0121798185616
157.3,0.11494940393,0.535560495921,-0.0121798185616
157.5,0.119945543226,0.535355880733,-0.0121798185616
157.6,0.124941682523,0.535151265545,-0.0121798185616
157.7,0.12993782182,0.534946650357,-0.0121798185616
157.9,0.134933961116,0.53474203517,-0.0121798185616
158.0,0.139930100413,0.534537419982,-0.0121798185616
158.1,0.14492623971,0.534332804794,-0.0121798185616
158.2,0.149922379006,0.534128189606,-0.0121798185616
158.3,0.154918518303,0.533923574418,-0.0121798185616
158.4,0.169906936193,0.533309728854,-0.0121798185616
158.6,0.174903075489,0.533105113666,-0.0121798185616
158.7,0.179899214786,0.532900498478,-0.0121798185616
158.8,0.184895354083,0.53269588329,-0.0121798185616
159.0,-0.109287930613,0.461155531004,-0.0106023676281
159.2,-0.104291791317,0.460950915816,-0.0106023676281
159.4,-0.0992956520201,0.460746300628,-0.0106023676281
159.5,-0.0942995127235,0.46054168544,-0.0106023676281
159.6,-0.0893033734268,0.460337070252,-0.0106023676281
159.8,-0.0843072341302,0.460132455064,-0.0106023676281
160.0,-0.0543303983505,0.458904763936,-0.0106023676281
160.1,-0.0493342590538,0.458700148749,-0.0106023676281
160.3,-0.0443381197572,0.458495533561,-0.0106023676281
160.4,-0.0393419804606,0.458290918373,-0.0106023676281
160.6,-0.0343458411639,0.458086303185,-0.0106023676281
160.7,-0.0293497018673,0.457881687997,-0.0106023676281
160.8,-0.0243535625707,0.457677072809,-0.0106023676281
161.0,-0.0193574232741,0.457472457621,-0.0106023676281
161.2,-0.0143612839774,0.457267842433,-0.0106023676281
161.3,-0.00936514468082,0.457063227245,-0.0106023676281
161.4,0.0178513215996,0.434538246421,-0.0106721807982
161.5,0.0198055324228,0.423247159792,-0.0107070873832
161.6,0.0206212250499,0.411814054312,-0.0107419939682
161.8,0.0202895840074,0.400353470853,-0.0107769005533
161.9,0.0188132913926,0.388980289758,-0.0108118071383
162.1,0.0162065063898,0.377808579298,-0.0108467137234
162.2,0.0124947297101,0.366950451627,-0.0108816203084
162.3,0.00771455424987,0.356514937712,-0.0109165268934
162.4,0.00191330440568,0.346606892533,-0.0109514334785
162.6,-0.00485143240064,0.33732594154,-0.0109863400635
162.7,-0.0400689813242,0.308228268262,-0.0111259664037
162.8,-0.0504734149059,0.303327743699,-0.0111608729887
162.9,-0.0613187244116,0.299490993775,-0.0111957795738
163.1,-0.0724964308,0.296757076671,-0.0112306861588
163.2,-0.0838946622424,0.295154016204,-0.0112655927438
163.3,-0.0953992737866,0.294698514745,-0.0113004993289
163.5,-0.106894990432,0.295395779483,-0.0113354059139
163.7,-0.118266562166,0.297239463841,-0.011370312499
163.9,-0.12939991939,0.300211724684,-0.011405219084
164.1,-0.140183317148,0.304283394819,-0.011440125669
164.2,-0.178004574195,0.30628518081,-0.0115099388391
164.3,-0.182437824469,0.303968100643,-0.0115099388391
164.4,-0.186871074744,0.301651020477,-0.0115099388391
164.5,-0.191304325018,0.29933394031,-0.0115099388391
164.7,-0.195737575292,0.297016860144,-0.0115099388391
164.8,-0.200170825566,0.294699779978,-0.0115099388391
165.0,-1.38449877954,-2.62858054603,0.0385504606245
165.2,-1.38893202982,-2.6308976262,0.0385504606245
165.3,-1.39336528009,-2.63321470637,0.0385504606245
165.4,-1.39779853037,-2.63553178653,0.0385504606245
165.5,-1.41553153146,-2.6448001072,0.0385504606245
165.7,-1.41996478174,-2.64711718736,0.0385504606245
165.9,-1.42439803201,-2.64943426753,0.0385504606245
166.1,-1.42883128229,-2.6517513477,0.0385504606245
166.2,-0.0329086600629,0.449782577905,-0.0111283468014
166.4,-0.0373419103371,0.447465497739,-0.0111283468014
166.6,-0.0417751606113,0.445148417572,-0.0111283468014
166.8,-0.0462084108855,0.442831337406,-0.0111283468014
167.0,-0.0506416611597,0.44051425724,-0.0111283468014
167.2,-0.0550749114339,0.438197177073,-0.0111283468014
167.6,-0.0949741639019,0.417343455576,-0.0111283468014
167.7,-0.0994074141761,0.415026375409,-0.0111283468014
167.9,-0.10384066445,0.412709295243,-0.0111283468014
168.1,-0.108273914725,0.410392215076,-0.0111283468014
168.3,-0.112707164999,0.40807513491,-0.0111283468014
168.6,-0.117140415273,0.405758054744,-0.0111283468014
168.9,-0.121573665547,0.403440974577,-0.0111283468014
169.1,-0.126006915821,0.401123894411,-0.0111283468014
169.3,-0.130440166096,0.398806814245,-0.0111283468014
169.6,-0.13487341637,0.396489734078,-0.0111283468014
169.8,-0.221518370926,0.438534303662,-0.0113028797266
170.0,-0.226519980035,0.438644612795,-0.0113028797266
170.1,-0.231521589145,0.438754921929,-0.0113028797266
170.4,-0.236523198254,0.438865231062,-0.0113028797266
170.6,-0.241524807364,0.438975540195,-0.0113028797266
170.8,-1.48131404109,-1.9879303865,0.0362893025367
171.0,-1.4863156502,-1.98782007737,0.0362893025367
171.1,-1.49131725931,-1.98770976824,0.0362893025367
171.3,-1.49631886842,-1.9875994591,0.0362893025367
171.5,-1.50132047752,-1.98748914997,0.0362893025367
171.8,-1.55133656862,-1.98638605864,0.0362893025367
172.1,-1.55633817773,-1.9862757495,0.0362893025367
172.4,-1.56133978684,-1.98616544037,0.0362893025367
172.6,-1.56634139595,-1.98605513124,0.0362893025367
172.9,-1.57134300506,-1.9859448221,0.0362893025367
173.1,-0.0284944251836,0.500672178002,-0.0124428430552
173.4,-0.0334960342931,0.500782487135,-0.0124428430552
173.6,-0.0384976434025,0.500892796268,-0.0124428430552
173.8,-0.043499252512,0.501003105401,-0.0124428430552
174.0,-0.0485008616214,0.501113414535,-0.0124428430552
174.2,-0.128526607373,0.502878360667,-0.0124428430552
174.4,-0.133528216482,0.5029886698,-0.0124428430552
174.6,-0.138529825592,0.503098978933,-0.0124428430552
174.8,-0.143531434701,0.503209288066,-0.0124428430552
175.1,-0.14853304381,0.5033195972,-0.0124428430552
175.3,-0.15353465292,0.503429906333,-0.0124428430552
175.5,-0.158536262029,0.503540215466,-0.0124428430552
175.7,-0.163537871139,0.503650524599,-0.0124428430552
175.9,-0.168539480248,0.503760833733,-0.0124428430552
176.1,-0.173541089358,0.503871142866,-0.0124428430552
176.4,-0.233560398671,0.505194852465,-0.0124428430552
176.8,-0.238562007781,0.505305161598,-0.0124428430552
177.1,0.0338944156596,0.552238027969,-0.013566018728
177.5,0.0288928065502,0.552348337102,-0.013566018728
177.9,0.0238911974407,0.552458646235,-0.013566018728
178.3,0.0188895883313,0.552568955368,-0.013566018728
178.7,0.0138879792218,0.552679264502,-0.013566018728
179.2,0.00888637011237,0.552789573635,-0.013566018728
179.7,0.00452236621907,0.542419974879,-0.013531112143
180.1,0.00121616355662,0.531662923447,-0.0134962055579
180.5,-0.0110865632289,0.329615370658,-0.0131471397075
181.0,1.69174160398,1.86988814685,-0.0624741601886
181.6,1.6898675851,1.86525093585,-0.0624741601886
182.2,1.68799356622,1.86061372486,-0.0624741601886
182.7,1.68611954735,1.85597651386,-0.0624741601886
183.5,1.68424552847,1.85133930287,-0.0624741601886
184.3,1.6823715096,1.84670209187,-0.0624741601886
185.2,0.0305119696291,0.744530962629,-0.0125466658195
186.1,0.0286379507531,0.739893751634,-0.0125466658195
187.1,0.026763931877,0.735256540638,-0.0125466658195
188.1,-0.0875512195615,0.452386669914,-0.0125466658195
189.2,-0.0894252384375,0.447749458919,-0.0125466658195
190.3,-0.00100405924146,0.633817679618,-0.0128730439837
191.4,-0.0028780781175,0.629180468622,-0.0128730439837
192.5,-0.00475209699354,0.624543257627,-0.0128730439837
193.8,-0.00662611586958,0.619906046631,-0.0128730439837
195.0,0.0169653563811,0.734734897064,-0.0134738799284
196.3,0.015091337505,0.730097686068,-0.0134738799284
197.8,0.673510289324,0.192744234486,-0.0123297411144
199.2,0.671636270448,0.188107023491,-0.0123297411144
200.9,0.381945731044,0.501235512198,-0.0130627794002
202.5,0.46417119384,0.377712041552,-0.0125425599572
204.4,0.499278646736,0.339291942334,-0.0124845880496
206.5,0.551988350659,0.271375272091,-0.0119816164895
208.8,0.548991329461,0.275382513747,-0.0119816164895
211.5,-0.822383604352,0.0831047725637,0.037532841655
214.6,0.51224918858,-0.0326648256794,-0.01280498383
218.5,0.451460057121,-0.259917793186,-0.013882775167
