4.4,0.0523398142716,0.0755322403961,0.00132013326808
4.6,0.0523398142716,0.0805322403961,0.00132013326808
4.7,0.0523398142716,0.0855322403961,0.00132013326808
4.8,0.0523398142716,0.0905322403961,0.00132013326808
4.9,0.0523398142716,0.0955322403961,0.00132013326808
5.1,0.0523398142716,0.100532240396,0.00132013326808
5.2,0.0418536586494,0.105007311778,0.00135503985312
5.3,0.0309695363682,0.108412429351,0.00138994643816
5.4,0.0197963434451,0.11071285296,0.0014248530232
5.6,0.00844593510796,0.111884898304,0.00145975960824
5.7,-0.00296799398824,0.111916180567,0.00149466619328
5.8,-0.014331048612,0.110805744906,0.00152957277832
5.9,-0.0255292794641,0.108564082415,0.00156447936336
6.0,-0.028769988932,0.112371762686,0.00156447936336
6.1,-0.0320106983999,0.116179442957,0.00156447936336
6.2,-0.0352514078678,0.119987123229,0.00156447936336
6.3,-0.0276039282844,0.0112855053555,0.00179322333186
6.4,-0.0308446377523,0.0150931856266,0.00179322333186
6.6,-0.0340853472202,0.0189008658978,0.00179322333186
6.7,-0.0373260566881,0.0227085461689,0.00179322333186
6.8,-0.040566766156,0.0265162264401,0.00179322333186
6.9,-0.0438074756238,0.0303239067113,0.00179322333186
7.1,-0.0470481850917,0.0341315869824,0.00179322333186
7.2,-0.0502888945596,0.0379392672536,0.00179322333186
7.3,-0.0535296040275,0.0417469475247,0.00179322333186
7.4,-0.0567703134954,0.0455546277959,0.00179322333186
7.5,-0.0600110229633,0.049362308067,0.00179322333186
7.6,-0.0632517324312,0.0531699883382,0.00179322333186
7.7,-0.0664924418991,0.0569776686094,0.00179322333186
7.8,-0.069733151367,0.0607853488805,0.00179322333186
7.9,-0.0729738608349,0.0645930291517,0.00179322333186
8.0,-0.0762145703028,0.0684007094228,0.00179322333186
8.2,-0.0794552797707,0.072208389694,0.00179322333186
8.3,-0.0826959892386,0.0760160699652,0.00179322333186
8.4,-0.00146167933908,-0.0110588511033,-0.000219235790685
8.5,-0.00470238880697,-0.00725117083214,-0.000219235790685
8.6,-0.00794309827486,-0.00344349056098,-0.000219235790685
8.7,-0.0111838077428,0.000364189710178,-0.000219235790685
8.8,-0.0144245172106,0.00417186998134,-0.000219235790685
9.0,-0.0176652266785,0.0079795502525,-0.000219235790685
9.1,-0.0209059361464,0.0117872305237,-0.000219235790685
9.2,-0.0241466456143,0.0155949107948,-0.000219235790685
9.3,-0.0273873550822,0.019402591066,-0.000219235790685
9.5,-0.0306280645501,0.0232102713371,-0.000219235790685
9.6,-0.033868774018,0.0270179516083,-0.000219235790685
9.7,-0.0371094834859,0.0308256318794,-0.000219235790685
9.8,-0.0403501929538,0.0346333121506,-0.000219235790685
10.0,-0.0435909024217,0.0384409924218,-0.000219235790685
10.1,-0.0468316118896,0.0422486726929,-0.000219235790685
10.3,-0.0500723213575,0.0460563529641,-0.000219235790685
10.5,-0.0565537402932,0.0536717135064,-0.000219235790685
10.7,-0.0597944497611,0.0574793937776,-0.000219235790685
10.9,-0.063035159229,0.0612870740487,-0.000219235790685
11.0,-0.0662758686969,0.0650947543199,-0.000219235790685
11.1,-0.0695165781648,0.068902434591,-0.000219235790685
11.2,-0.0727572876327,0.0727101148622,-0.000219235790685
11.3,-0.0759979971006,0.0765177951334,-0.000219235790685
11.4,-0.0792387065685,0.0803254754045,-0.000219235790685
11.5,-0.0824794160364,0.0841331556757,-0.000219235790685
11.7,0.0151471461,-0.0517477415123,-0.000794366417973
11.8,-0.00105640123948,-0.0327093401565,-0.000794366417973
11.9,-0.00429711070738,-0.0289016598854,-0.000794366417973
12.0,-0.00753782017527,-0.0250939796142,-0.000794366417973
12.2,-0.0107785296432,-0.0212862993431,-0.000794366417973
12.3,-0.0140192391111,-0.0174786190719,-0.000794366417973
12.4,-0.0172599485789,-0.0136709388008,-0.000794366417973
12.5,-0.0205006580468,-0.00986325852959,-0.000794366417973
12.6,-0.0237413675147,-0.00605557825843,-0.000794366417973
12.7,-0.0269820769826,-0.00224789798728,-0.000794366417973
12.9,-0.0302227864505,0.00155978228388,-0.000794366417973
13.0,-0.0399449148542,0.0129828230974,-0.000794366417973
13.1,-0.0431856243221,0.0167905033685,-0.000794366417973
13.2,-0.04642633379,0.0205981836397,-0.000794366417973
13.3,-0.0496670432579,0.0244058639108,-0.000794366417973
13.4,-0.0529077527258,0.028213544182,-0.000794366417973
13.5,-0.0561484621937,0.0320212244532,-0.000794366417973
13.6,-0.0593891716615,0.0358289047243,-0.000794366417973
13.8,0.00703582895023,-0.036057367971,-0.000851814621488
13.9,0.00379511948234,-0.0322496876998,-0.000851814621488
14.0,0.000554410014446,-0.0284420074286,-0.000851814621488
14.1,-0.00592700892134,-0.0208266468863,-0.000851814621488
14.3,-0.00916771838923,-0.0170189666152,-0.000851814621488
14.4,-0.0124084278571,-0.013211286344,-0.000851814621488
14.5,-0.015649137325,-0.00940360607285,-0.000851814621488
14.6,-0.0188898467929,-0.00559592580169,-0.000851814621488
14.7,-0.0221305562608,-0.00178824553053,-0.000851814621488
14.8,-0.0253712657287,0.00201943474062,-0.000851814621488
14.9,-0.0318526846645,0.00963479528294,-0.000851814621488
15.0,-0.0350933941324,0.0134424755541,-0.000851814621488
15.1,-0.0383341036003,0.0172501558253,-0.000851814621488
15.2,-0.0415748130682,0.0210578360964,-0.000851814621488
15.3,-0.044815522536,0.0248655163676,-0.000851814621488
15.4,-0.0480562320039,0.0286731966387,-0.000851814621488
15.5,-0.0512969414718,0.0324808769099,-0.000851814621488
15.6,-0.0545376509397,0.0362885571811,-0.000851814621488
15.8,-0.0577783604076,0.0400962374522,-0.000851814621488
15.9,-0.0610190698755,0.0439039177234,-0.000851814621488
16.0,-0.0675004888113,0.0515192782657,-0.000851814621488
16.1,-0.0707411982792,0.0553269585368,-0.000851814621488
16.2,-0.0739819077471,0.059134638808,-0.000851814621488
16.3,-0.077222617215,0.0629423190792,-0.000851814621488
16.4,-0.0804633266829,0.0667499993503,-0.000851814621488
16.5,-0.0837040361508,0.0705576796215,-0.000851814621488
16.6,-0.0869447456186,0.0743653598926,-0.000851814621488
16.7,-0.0901854550865,0.0781730401638,-0.000851814621488
16.8,-0.0934261645544,0.081980720435,-0.000851814621488
16.9,-0.0966668740223,0.0857884007061,-0.000851814621488
17.1,0.00124902919907,-0.0342639303901,-0.000936635504973
17.2,-0.00199168026882,-0.0304562501189,-0.000936635504973
17.4,-0.00523238973672,-0.0266485698478,-0.000936635504973
17.6,-0.00847309920461,-0.0228408895766,-0.000936635504973
17.7,-0.0117138086725,-0.0190332093054,-0.000936635504973
17.8,-0.0149545181404,-0.0152255290343,-0.000936635504973
17.9,-0.0181952276083,-0.0114178487631,-0.000936635504973
18.0,-0.0214359370762,-0.00761016849196,-0.000936635504973
18.1,-0.0246766465441,-0.0038024882208,-0.000936635504973
18.2,-0.027917356012,5.19205035954e-06,-0.000936635504973
18.3,-0.0408801938835,0.015235913135,-0.000936635504973
18.4,-0.0441209033514,0.0190435934062,-0.000936635504973
18.5,-0.0473616128193,0.0228512736773,-0.000936635504973
18.6,-0.0506023222872,0.0266589539485,-0.000936635504973
18.7,-0.0538430317551,0.0304666342196,-0.000936635504973
18.8,-0.057083741223,0.0342743144908,-0.000936635504973
18.9,-0.0603244506909,0.0380819947619,-0.000936635504973
19.0,-0.0635651601588,0.0418896750331,-0.000936635504973
19.2,-0.0668058696267,0.0456973553043,-0.000936635504973
19.4,-0.0777269160179,0.042346304226,-0.000901728919933
19.5,-0.107750648538,0.026020165414,-0.000797009164814
19.6,-0.116509945299,0.0186671209347,-0.000762102579774
19.7,-0.124492381401,0.0104728084747,-0.000727195994734
19.8,-0.131617493621,0.00151890742105,-0.000692289409694
19.9,-0.137813368839,-0.00810524186062,-0.000657382824654
20.0,-0.14301736978,-0.0183035294454,-0.000622476239615
20.1,-0.147176768165,-0.0289740356339,-0.000587569654575
20.3,-0.0227232998693,-0.0772831737379,0.000645939998386
20.5,-0.0246775106925,-0.0885742603672,0.000680846583426
20.6,-0.0254932033196,-0.100007365847,0.000715753168465
20.7,-0.0210784846595,-0.134012840861,0.000820472923585
20.8,-0.0247508188211,-0.137407060918,0.000820472923585
20.9,-0.0284231529826,-0.140801280975,0.000820472923585
21.0,-0.0320954871442,-0.144195501032,0.000820472923585
21.2,-0.0357678213057,-0.147589721089,0.000820472923585
21.4,-0.0394401554673,-0.150983941146,0.000820472923585
21.6,-0.0431124896288,-0.154378161203,0.000820472923585
21.7,-0.0467848237904,-0.15777238126,0.000820472923585
21.8,-0.0504571579519,-0.161166601317,0.000820472923585
21.9,-0.0541294921135,-0.164560821374,0.000820472923585
22.0,-0.0688188287597,-0.178137701602,0.000820472923585
22.1,-0.0724911629212,-0.181531921659,0.000820472923585
22.2,-0.0761634970828,-0.184926141716,0.000820472923585
22.4,-0.0798358312443,-0.188320361773,0.000820472923585
22.5,-0.0835081654059,-0.19171458183,0.000820472923585
22.6,-0.0871804995674,-0.195108801887,0.000820472923585
22.7,-0.090852833729,-0.198503021944,0.000820472923585
22.8,-0.0945251678905,-0.201897242001,0.000820472923585
22.9,-0.0981975020521,-0.205291462058,0.000820472923585
23.0,-0.101869836214,-0.208685682115,0.000820472923585
23.2,-0.109214504537,-0.215474122229,0.000820472923585
23.3,-0.112886838698,-0.218868342286,0.000820472923585
23.4,-0.11655917286,-0.222262562343,0.000820472923585
23.5,-0.120231507021,-0.2256567824,0.000820472923585
23.6,-0.123903841183,-0.229051002457,0.000820472923585
23.7,-0.127576175344,-0.232445222514,0.000820472923585
23.9,0.0267038454926,0.0197841779665,0.000604539686403
24.1,0.0230315113311,0.0163899579095,0.000604539686403
24.2,0.0193591771695,0.0129957378525,0.000604539686403
24.3,0.015686843008,0.00960151779552,0.000604539686403
24.4,0.0120145088464,0.00620729773852,0.000604539686403
24.5,0.00834217468486,0.00281307768151,0.000604539686403
24.6,0.00466984052331,-0.000581142375491,0.000604539686403
24.7,0.000997506361759,-0.0039753624325,0.000604539686403
24.8,-0.00267482779979,-0.0073695824895,0.000604539686403
24.9,-0.00634716196134,-0.0107638025465,0.000604539686403
25.0,-0.0100194961229,-0.0141580226035,0.000604539686403
25.1,-0.0136918302844,-0.0175522426605,0.000604539686403
25.2,-0.017364164446,-0.0209464627175,0.000604539686403
25.3,-0.0276382872784,-0.0161766521441,0.000569633101364
25.4,-0.0625297274811,0.0123326216901,0.000430006761205
25.5,-0.0692617230826,0.0214623727408,0.000395100176165
25.6,-0.0750487416382,0.0312222547523,0.000360193591125
25.8,-0.0798322295509,0.0415147719908,0.000325287006085
26.0,-0.083563661653,0.0522370336328,0.000290380421045
26.1,-0.086205033353,0.0632817823304,0.000255473836006
26.3,-0.0877292475782,0.0745384671313,0.000220567250966
26.4,-0.088120392572,0.0858943500218,0.000185660665926
26.5,-0.0925947101564,0.0881263962175,0.000185660665926
26.6,-0.0970690277408,0.0903584424132,0.000185660665926
26.7,-0.114966298078,0.0992866271959,0.000185660665926
26.8,-0.119440615663,0.101518673392,0.000185660665926
26.9,-0.0186632389551,0.2002723958,0.00028495415421
27.0,-0.0231375565395,0.202504441996,0.00028495415421
27.2,-0.0276118741239,0.204736488191,0.00028495415421
27.3,-0.0320861917083,0.206968534387,0.00028495415421
27.4,-0.0365605092927,0.209200580583,0.00028495415421
27.5,-0.0410348268771,0.211432626778,0.00028495415421
27.6,-0.0455091444615,0.213664672974,0.00028495415421
27.7,-0.0499834620459,0.21589671917,0.00028495415421
27.8,-0.0589320972147,0.220360811561,0.00028495415421
27.9,-0.0634064147991,0.222592857757,0.00028495415421
28.1,-0.0678807323835,0.224824903952,0.00028495415421
28.2,-0.0723550499679,0.227056950148,0.00028495415421
28.3,-0.0768293675523,0.229288996344,0.00028495415421
28.4,-0.0813036851367,0.231521042539,0.00028495415421
28.5,-0.0857780027211,0.233753088735,0.00028495415421
28.6,-0.0902523203055,0.235985134931,0.00028495415421
28.7,-0.0947266378899,0.238217181126,0.00028495415421
28.8,-0.0992009554743,0.240449227322,0.00028495415421
28.9,-0.108149590643,0.244913319713,0.00028495415421
29.0,-0.112623908227,0.247145365909,0.00028495415421
29.1,-0.117098225812,0.249377412105,0.00028495415421
29.2,-0.121572543396,0.2516094583,0.00028495415421
29.3,-0.126046860981,0.253841504496,0.00028495415421
29.4,-0.130521178565,0.256073550692,0.00028495415421
29.5,-0.134995496149,0.258305596887,0.00028495415421
29.6,-0.139469813734,0.260537643083,0.00028495415421
29.7,-0.143944131318,0.262769689279,0.00028495415421
29.8,-0.148418448903,0.265001735474,0.00028495415421
29.9,-0.152892766487,0.26723378167,0.00028495415421
30.0,-0.152146281616,0.278575066666,0.00025004756917
30.1,-0.150269009463,0.289788040139,0.000215140984131
30.2,-0.147279133615,0.300760210962,0.000180234399091
30.3,-0.143206002717,0.311381439027,0.000145327814051
30.4,-0.138089842477,0.321545040827,0.000110421229011
30.6,-0.131981358465,0.331148860999,7.55146439713e-05
30.7,-0.124941233608,0.340096299067,4.06080589313e-05
30.8,-0.117039525379,0.34829728106,5.70147389151e-06
30.9,-0.108354968659,0.355669166248,-2.92051111483e-05
31.0,-0.0989741912019,0.362137579846,-6.41116961876e-05
31.1,-0.078504693915,0.3721122347,-0.000133924866267
31.2,-0.0676205716338,0.375517352272,-0.000168831451308
31.3,-0.0564473787107,0.377817775882,-0.000203738036347
31.4,-0.0450969703736,0.378989821226,-0.000238644621387
31.5,-0.0336830412774,0.379021103489,-0.000273551206427
31.6,-0.0223199866536,0.377910667828,-0.000308457791467
31.7,0.187595849793,0.11124249159,-0.000597772303538
31.8,0.198516896185,0.107891440511,-0.000632678888577
31.9,0.209051113422,0.103463973637,-0.000667585473617
32.0,0.219092673595,0.0980038739479,-0.000702492058657
32.1,0.228540628705,0.0915653016993,-0.000737398643697
32.3,0.237299925465,0.0842122572201,-0.000772305228737
32.4,0.245282361567,0.0760179447601,-0.000807211813777
32.5,0.252407473788,0.0670640437064,-0.000842118398817
32.6,0.258603349006,0.0574398944247,-0.000877024983857
32.7,0.263807349947,0.0472416068399,-0.000911931568897
32.8,0.267966748332,0.0365711006514,-0.000946838153936
32.9,0.271039259041,0.0255350867677,-0.000981744738976
33.0,0.272993469864,0.0142440001384,-0.00101665132402
33.1,0.273809162491,0.00281089465833,-0.00105155790906
33.2,0.272001228833,-0.0200228698956,-0.00112137107914
33.3,0.269394443831,-0.0311945803551,-0.00115627766418
33.4,0.265682667151,-0.0420527080262,-0.00119118424922
33.5,0.260902491691,-0.0524882219413,-0.00122609083426
33.6,0.263821419875,-0.0565487458559,-0.00122609083426
33.8,0.26674034806,-0.0606092697704,-0.00122609083426
33.9,0.269659276244,-0.064669793685,-0.00122609083426
34.1,0.272578204429,-0.0687303175996,-0.00122609083426
34.3,0.275497132613,-0.0727908415141,-0.00122609083426
34.5,0.278416060798,-0.0768513654287,-0.00122609083426
34.6,0.29301070172,-0.0971539850015,-0.00122609083426
34.7,0.295929629904,-0.101214508916,-0.00122609083426
34.9,0.298848558089,-0.105275032831,-0.00122609083426
35.0,0.301767486273,-0.109335556745,-0.00122609083426
35.1,0.304686414458,-0.11339608066,-0.00122609083426
35.2,0.307605342642,-0.117456604574,-0.00122609083426
35.3,2.52487253837,2.72915712006,0.0490687534942
35.4,2.52779146655,2.72509659615,0.0490687534942
35.5,2.53071039474,2.72103607223,0.0490687534942
35.6,2.53362932292,2.71697554832,0.0490687534942
35.8,2.53946717929,2.70885450049,0.0490687534942
36.0,2.54238610747,2.70479397657,0.0490687534942
36.1,2.55114289203,2.69261240483,0.0490687534942
36.2,2.55406182021,2.68855188091,0.0490687534942
36.3,2.5569807484,2.684491357,0.0490687534942
36.4,2.55989967658,2.68043083309,0.0490687534942
36.6,2.56281860476,2.67637030917,0.0490687534942
36.8,2.56573753295,2.67230978526,0.0490687534942
37.0,2.56865646113,2.66824926134,0.0490687534942
37.1,2.57157538932,2.66418873743,0.0490687534942
37.2,2.5744943175,2.66012821351,0.0490687534942
37.3,2.57741324569,2.6560676896,0.0490687534942
37.4,2.59718156037,2.64651474961,0.0491036600792
37.5,2.60787809769,2.65023229898,0.0491385666643
37.6,2.61815222052,2.65500210955,0.0491734732493
37.7,2.62790068178,2.66077695416,0.0492083798344
37.8,2.63702544651,2.66749950246,0.0492432864194
37.9,2.64543467774,2.67510289001,0.0492781930044
38.0,2.65304366073,2.68351138339,0.0493130995895
38.1,2.65977565633,2.69264113444,0.0493480061745
38.2,2.66556267488,2.70240101645,0.0493829127596
38.3,2.6703461628,2.71269353369,0.0494178193446
38.4,2.6740775949,2.72341579533,0.0494527259296
38.5,2.6767189666,2.73446054403,0.0494876325147
38.6,2.67824318082,2.74571722883,0.0495225390997
38.7,2.67863432582,2.75707311172,0.0495574456848
38.8,2.67788784095,2.76841439671,0.0495923522698
38.9,2.6821149936,2.77108506327,0.0495923522698
39.1,0.0972384899553,0.23430820689,-0.000106184774788
39.2,0.10146564261,0.236978873441,-0.000106184774788
39.3,0.105692795264,0.239649539993,-0.000106184774788
39.4,0.109919947919,0.242320206544,-0.000106184774788
39.5,0.114147100574,0.244990873095,-0.000106184774788
39.6,0.122601405883,0.250332206198,-0.000106184774788
39.8,0.126828558537,0.253002872749,-0.000106184774788
39.9,0.131055711192,0.2556735393,-0.000106184774788
40.0,0.135282863847,0.258344205851,-0.000106184774788
40.2,0.139510016501,0.261014872403,-0.000106184774788
40.4,0.143737169156,0.263685538954,-0.000106184774788
40.5,0.14796432181,0.266356205505,-0.000106184774788
40.6,0.152191474465,0.269026872056,-0.000106184774788
40.7,0.156418627119,0.271697538608,-0.000106184774788
40.8,0.160645779774,0.274368205159,-0.000106184774788
40.9,0.177554390392,0.285050871364,-0.000106184774788
41.0,0.01680387184,0.0151343863438,-0.000288877551603
41.1,0.0210310244945,0.017805052895,-0.000288877551603
41.2,0.0252581771491,0.0204757194463,-0.000288877551603
41.3,0.0294853298037,0.0231463859976,-0.000288877551603
41.4,0.0337124824583,0.0258170525488,-0.000288877551603
41.6,0.0379396351129,0.0284877191001,-0.000288877551603
41.7,0.0421667877674,0.0311583856513,-0.000288877551603
41.8,0.046393940422,0.0338290522026,-0.000288877551603
41.9,0.0506210930766,0.0364997187538,-0.000288877551603
42.0,0.0548482457312,0.0391703853051,-0.000288877551603
42.1,0.0590753983858,0.0418410518564,-0.000288877551603
42.3,0.0675297036949,0.0471823849589,-0.000288877551603
42.4,0.0717568563495,0.0498530515101,-0.000288877551603
42.5,0.0759840090041,0.0525237180614,-0.000288877551603
42.6,0.0802111616587,0.0551943846126,-0.000288877551603
42.8,0.0844383143133,0.0578650511639,-0.000288877551603
42.9,0.0886654669679,0.0605357177151,-0.000288877551603
43.0,0.0928926196224,0.0632063842664,-0.000288877551603
43.1,0.097119772277,0.0658770508177,-0.000288877551603
43.2,0.101346924932,0.0685477173689,-0.000288877551603
43.3,0.105574077586,0.0712183839202,-0.000288877551603
43.4,0.11825553555,0.0792303835739,-0.000288877551603
43.6,0.122482688205,0.0819010501252,-0.000288877551603
43.7,0.126709840859,0.0845717166765,-0.000288877551603
43.8,0.130936993514,0.0872423832277,-0.000288877551603
44.0,0.135164146168,0.089913049779,-0.000288877551603
44.2,0.139391298823,0.0925837163302,-0.000288877551603
44.4,0.166052856003,0.0841334327049,-0.000358690721683
44.5,0.181160404325,0.0669852191912,-0.000428503891763
44.6,0.187356279543,0.0573610699096,-0.000463410476803
44.8,0.192560280484,0.0471627823247,-0.000498317061842
44.9,0.196719678869,0.0364922761363,-0.000533223646882
45.0,0.199792189578,0.0254562622525,-0.000568130231922
45.1,0.201746400401,0.0141651756232,-0.000603036816962
45.2,0.0625570477395,-0.092778202531,-0.000639574505108
45.3,0.0622254066969,-0.10423878599,-0.000674481090148
45.5,0.0665025716721,-0.106829442644,-0.000674481090148
45.6,0.0707797366472,-0.109420099298,-0.000674481090148
45.7,0.0836112315726,-0.117192069261,-0.000674481090148
45.9,0.0878883965477,-0.119782725915,-0.000674481090148
46.0,0.0921655615228,-0.122373382569,-0.000674481090148
46.1,0.0964427264979,-0.124964039223,-0.000674481090148
46.2,0.100719891473,-0.127554695877,-0.000674481090148
46.3,0.104997056448,-0.130145352531,-0.000674481090148
46.4,0.109274221423,-0.132736009185,-0.000674481090148
46.5,0.113551386398,-0.135326665839,-0.000674481090148
46.6,0.117828551374,-0.137917322493,-0.000674481090148
46.7,0.122105716349,-0.140507979147,-0.000674481090148
46.8,0.130660046299,-0.145689292455,-0.000674481090148
46.9,0.134937211274,-0.148279949109,-0.000674481090148
47.0,0.139214376249,-0.150870605763,-0.000674481090148
47.2,0.0290002518337,0.0344730221843,-0.000473345793739
47.3,0.0332774168088,0.0318823655303,-0.000473345793739
47.4,0.037554581784,0.0292917088762,-0.000473345793739
47.5,0.0418317467591,0.0267010522222,-0.000473345793739
47.7,0.0461089117342,0.0241103955682,-0.000473345793739
47.8,0.0503860767093,0.0215197389141,-0.000473345793739
47.9,0.0546632416845,0.0189290822601,-0.000473345793739
48.0,0.0674947366098,0.0111571122979,-0.000473345793739
48.2,0.071771901585,0.00856645564388,-0.000473345793739
48.4,0.0760490665601,0.00597579898983,-0.000473345793739
48.5,0.0803262315352,0.00338514233578,-0.000473345793739
48.6,0.0846033965104,0.000794485681739,-0.000473345793739
48.8,0.0888805614855,-0.00179617097231,-0.000473345793739
48.9,0.0931577264606,-0.00438682762635,-0.000473345793739
49.1,0.0974348914357,-0.0069774842804,-0.000473345793739
49.2,0.101712056411,-0.00956814093445,-0.000473345793739
49.3,0.105989221386,-0.0121587975885,-0.000473345793739
49.4,0.127375046262,-0.0251120808587,-0.000473345793739
49.5,0.131652211237,-0.0277027375128,-0.000473345793739
49.7,0.135929376212,-0.0302933941668,-0.000473345793739
49.8,0.140206541187,-0.0328840508209,-0.000473345793739
49.9,0.144483706162,-0.0354747074749,-0.000473345793739
50.1,0.148760871137,-0.038065364129,-0.000473345793739
50.2,0.153038036112,-0.040656020783,-0.000473345793739
50.3,0.157315201088,-0.043246677437,-0.000473345793739
50.4,0.161592366063,-0.0458373340911,-0.000473345793739
50.6,0.165869531038,-0.0484279907451,-0.000473345793739
50.7,0.182978190938,-0.0587906173613,-0.000473345793739
50.9,0.187255355913,-0.0613812740154,-0.000473345793739
51.1,0.191532520889,-0.0639719306694,-0.000473345793739
51.3,0.0411677981459,-0.000411470325723,-0.000847629082055
51.4,0.045444963121,-0.00300212697977,-0.000847629082055
51.5,0.0497221280962,-0.00559278363382,-0.000847629082055
51.6,0.0539992930713,-0.00818344028786,-0.000847629082055
51.7,0.0582764580464,-0.0107740969419,-0.000847629082055
51.8,0.0625536230216,-0.013364753596,-0.000847629082055
51.9,0.0668307879967,-0.01595541025,-0.000847629082055
52.0,0.0839394478972,-0.0263180368662,-0.000847629082055
52.1,0.0882166128723,-0.0289086935202,-0.000847629082055
52.2,0.0924937778474,-0.0314993501743,-0.000847629082055
52.3,0.0967709428226,-0.0340900068283,-0.000847629082055
52.5,0.101048107798,-0.0366806634824,-0.000847629082055
52.7,0.105325272773,-0.0392713201364,-0.000847629082055
52.9,-0.0414660402469,0.0138659124061,-0.00151736914278
53.0,-0.0371888752718,0.011275255752,-0.00151736914278
53.1,-0.0329117102966,0.00868459909798,-0.00151736914278
53.3,-0.0286345453215,0.00609394244394,-0.00151736914278
53.5,-0.0243573803464,0.00350328578989,-0.00151736914278
53.7,-0.0200802153712,0.000912629135843,-0.00151736914278
53.9,0.00985993945464,-0.0172219674425,-0.00151736914278
54.0,0.0141371044298,-0.0198126240965,-0.00151736914278
54.1,0.0184142694049,-0.0224032807506,-0.00151736914278
54.3,0.0269685993552,-0.0275845940587,-0.00151736914278
54.4,0.0312457643303,-0.0301752507127,-0.00151736914278
54.5,0.0355229293054,-0.0327659073668,-0.00151736914278
54.6,0.0398000942805,-0.0353565640208,-0.00151736914278
54.7,0.0440772592557,-0.0379472206749,-0.00151736914278
54.8,0.0483544242308,-0.0405378773289,-0.00151736914278
54.9,0.0574791889617,-0.0338153290353,-0.00148246255774
55.0,0.0658884201902,-0.0262119414792,-0.0014475559727
55.1,0.0734974031755,-0.0178034481062,-0.00141264938766
55.2,0.080229398777,-0.00867369705547,-0.00137774280262
55.4,0.0907999052453,0.0113787021945,-0.00130792963254
55.5,0.0945313373473,0.0221009638366,-0.0012730230475
55.7,0.0971727090473,0.0331457125342,-0.00123811646246
55.9,0.0986969232725,0.044402397335,-0.00120320987742
56.0,0.0990880682663,0.0557582802256,-0.00116830329238
56.2,0.0983415833955,0.0670995652211,-0.00113339670734
56.3,0.10256873605,0.0697702317724,-0.00113339670734
56.4,0.106795888705,0.0724408983236,-0.00113339670734
56.5,-0.0208256654148,0.146773306047,-0.00117813065753
56.6,-0.0165985127603,0.149443972598,-0.00117813065753
56.7,0.00453725051266,0.162797305354,-0.00117813065753
56.8,0.00876440316724,0.165467971905,-0.00117813065753
57.0,0.0129915558218,0.168138638457,-0.00117813065753
57.1,0.0172187084764,0.170809305008,-0.00117813065753
57.2,0.021445861131,0.173479971559,-0.00117813065753
57.4,0.0256730137856,0.17615063811,-0.00117813065753
57.5,0.0299001664402,0.178821304662,-0.00117813065753
57.7,0.0341273190947,0.181491971213,-0.00117813065753
57.8,0.0383544717493,0.184162637764,-0.00117813065753
57.9,0.0425816244039,0.186833304316,-0.00117813065753
58.0,0.0594902350222,0.197515970521,-0.00117813065753
58.2,0.0637173876768,0.200186637072,-0.00117813065753
58.3,0.0679445403314,0.202857303623,-0.00117813065753
58.5,0.00263153393973,-0.0500851741071,-0.00138676597546
58.6,0.00685868659431,-0.0474145075558,-0.00138676597546
58.8,0.0195401445581,-0.0394025079021,-0.00138676597546
58.9,0.0237672972126,-0.0367318413508,-0.00138676597546
59.0,0.0279944498672,-0.0340611747996,-0.00138676597546
59.2,0.0322216025218,-0.0313905082483,-0.00138676597546
59.3,0.0364487551764,-0.028719841697,-0.00138676597546
59.5,0.040675907831,-0.0260491751458,-0.00138676597546
59.6,0.0449030604856,-0.0233785085945,-0.00138676597546
59.7,0.0491302131401,-0.0207078420433,-0.00138676597546
59.8,0.0533573657947,-0.018037175492,-0.00138676597546
60.0,0.0575845184493,-0.0153665089408,-0.00138676597546
60.2,0.0787202817222,-0.00201317618448,-0.00138676597546
60.3,0.0829474343768,0.000657490366779,-0.00138676597546
60.4,0.0871745870314,0.00332815691804,-0.00138676597546
60.5,0.091401739686,0.00599882346929,-0.00138676597546
60.7,0.0956288923405,0.00866949002055,-0.00138676597546
60.9,0.0998560449951,0.0113401565718,-0.00138676597546
61.0,0.10408319765,0.0140108231231,-0.00138676597546
61.1,0.108310350304,0.0166814896743,-0.00138676597546
61.2,0.112537502959,0.0193521562256,-0.00138676597546
61.3,0.116764655613,0.0220228227768,-0.00138676597546
61.4,0.133673266232,0.0327054889819,-0.00138676597546
61.5,0.137900418886,0.0353761555331,-0.00138676597546
61.6,0.142127571541,0.0380468220844,-0.00138676597546
61.7,0.146354724196,0.0407174886356,-0.00138676597546
61.8,-0.0580003886588,-0.0491499936044,-0.00123373244267
61.9,-0.0537732360043,-0.0464793270532,-0.00123373244267
62.1,-0.0495460833497,-0.0438086605019,-0.00123373244267
62.3,-0.0453189306951,-0.0411379939506,-0.00123373244267
62.4,-0.0410917780405,-0.0384673273994,-0.00123373244267
62.5,-0.0368646253859,-0.0357966608481,-0.00123373244267
62.6,-0.0241831674222,-0.0277846611944,-0.00123373244267
62.8,-0.0199560147676,-0.0251139946431,-0.00123373244267
62.9,-0.015728862113,-0.0224433280918,-0.00123373244267
63.1,-0.0115017094584,-0.0197726615406,-0.00123373244267
63.2,-0.00727455680384,-0.0171019949893,-0.00123373244267
63.4,-0.00304740414926,-0.0144313284381,-0.00123373244267
63.5,0.00117974850532,-0.0117606618868,-0.00123373244267
63.6,0.0054069011599,-0.00908999533556,-0.00123373244267
63.7,0.00963405381449,-0.0064193287843,-0.00123373244267
63.8,0.0138612064691,-0.00374866223305,-0.00123373244267
63.9,0.0307698170874,0.00693400397198,-0.00123373244267
64.0,0.034996969742,0.00960467052324,-0.00123373244267
64.1,0.0392241223966,0.0122753370745,-0.00123373244267
64.3,0.0924779258379,-0.0364607408047,-7.58900689327e-05
64.4,0.0967050784925,-0.0337900742534,-7.58900689327e-05
64.5,0.100932231147,-0.0311194077022,-7.58900689327e-05
64.7,0.105159383802,-0.0284487411509,-7.58900689327e-05
64.8,0.109386536456,-0.0257780745997,-7.58900689327e-05
64.9,0.118834491566,-0.0322166468483,-0.000110796653973
65.1,0.127593788327,-0.0395696913275,-0.000145703239013
65.2,0.154101212808,-0.0765403417077,-0.000285329579172
65.4,0.158260611193,-0.0872108478962,-0.000320236164212
65.5,0.161333121902,-0.09824686178,-0.000355142749252
65.7,0.163287332725,-0.109537948409,-0.000390049334292
65.8,0.164103025352,-0.120971053889,-0.000424955919332
65.9,0.16377138431,-0.132431637349,-0.000459862504371
66.1,0.168048549285,-0.135022294003,-0.000459862504371
66.2,0.17232571426,-0.137612950657,-0.000459862504371
66.3,0.176602879235,-0.140203607311,-0.000459862504371
66.4,0.18088004421,-0.142794263965,-0.000459862504371
66.6,0.197988704111,-0.153156890581,-0.000459862504371
66.7,0.202265869086,-0.155747547235,-0.000459862504371
66.8,0.206543034061,-0.158338203889,-0.000459862504371
67.0,-0.0243171733834,0.00239393760059,0.000431757031448
67.1,-0.0200400084083,-0.000196719053455,0.000431757031448
67.3,-0.0157628434331,-0.0027873757075,0.000431757031448
67.4,-0.011485678458,-0.00537803236155,0.000431757031448
67.6,-0.00720851348288,-0.00796868901559,0.000431757031448
67.7,-0.00293134850775,-0.0105593456696,0.000431757031448
67.9,0.00134581646737,-0.0131500023237,0.000431757031448
68.0,0.0270088063181,-0.028693942248,0.000431757031448
68.1,0.0312859712933,-0.031284598902,0.000431757031448
68.3,0.0355631362684,-0.0338752555561,0.000431757031448
68.4,0.0398403012435,-0.0364659122101,0.000431757031448
68.6,0.0441174662186,-0.0390565688642,0.000431757031448
68.8,0.0483946311938,-0.0416472255182,0.000431757031448
69.0,-0.00679871361461,-0.019744882482,0.000923739080235
69.2,-0.00252154863948,-0.022335539136,0.000923739080235
69.3,0.00175561633565,-0.0249261957901,0.000923739080235
69.4,0.00603278131077,-0.0275168524441,0.000923739080235
69.6,0.0316957711615,-0.0430607923684,0.000923739080235
69.8,0.0359729361367,-0.0456514490224,0.000923739080235
70.0,0.0402501011118,-0.0482421056765,0.000923739080235
70.2,0.0445272660869,-0.0508327623305,0.000923739080235
70.3,0.0659130909625,-0.0637860456008,0.000923739080235
70.4,0.0701902559377,-0.0663767022548,0.000923739080235
70.5,0.0744674209128,-0.0689673589088,0.000923739080235
70.6,0.0787445858879,-0.0715580155629,0.000923739080235
70.7,0.083021750863,-0.0741486722169,0.000923739080235
70.8,0.0872989158382,-0.076739328871,0.000923739080235
70.9,0.0915760808133,-0.079329985525,0.000923739080235
71.0,0.0958532457884,-0.0819206421791,0.000923739080235
71.1,0.100130410764,-0.0845112988331,0.000923739080235
71.2,0.104407575739,-0.0871019554872,0.000923739080235
71.4,0.108684740714,-0.0896926121412,0.000923739080235
71.6,0.112961905689,-0.0922832687953,0.000923739080235
71.7,0.117239070664,-0.0948739254493,0.000923739080235
71.9,0.121516235639,-0.0974645821034,0.000923739080235
72.1,-0.0811263292018,-0.0262988061681,-0.000100088913543
72.2,-0.0768491642266,-0.0288894628222,-0.000100088913543
72.3,-0.0725719992515,-0.0314801194762,-0.000100088913543
72.5,-0.0682948342764,-0.0340707761303,-0.000100088913543
72.6,-0.0640176693013,-0.0366614327843,-0.000100088913543
72.7,-0.0597405043261,-0.0392520894384,-0.000100088913543
72.8,-0.0340775144754,-0.0547960293626,-0.000100088913543
73.0,-0.0298003495003,-0.0573866860167,-0.000100088913543
73.1,-0.0255231845251,-0.0599773426707,-0.000100088913543
73.2,-0.02124601955,-0.0625679993248,-0.000100088913543
73.3,-0.0169688545749,-0.0651586559788,-0.000100088913543
73.4,-0.0126916895997,-0.0677493126329,-0.000100088913543
73.5,-0.00841452462462,-0.0703399692869,-0.000100088913543
73.6,-0.00413735964949,-0.072930625941,-0.000100088913543
73.8,0.000139805325633,-0.075521282595,-0.000100088913543
74.0,0.00441697030076,-0.0781119392491,-0.000100088913543
74.1,0.0215256302013,-0.0884745658652,-0.000100088913543
74.2,0.0258027951764,-0.0910652225193,-0.000100088913543
74.3,0.0300799601515,-0.0936558791733,-0.000100088913543
74.4,-0.0288494933098,-0.084568882222,0.000992175916914
74.5,-0.0245723283347,-0.087159538876,0.000992175916914
74.6,-0.0202951633595,-0.0897501955301,0.000992175916914
74.8,-0.0160179983844,-0.0923408521841,0.000992175916914
74.9,-0.0117408334093,-0.0949315088382,0.000992175916914
75.0,-0.00746366843415,-0.0975221654922,0.000992175916914
75.2,-0.00318650345902,-0.100112822146,0.000992175916914
75.3,0.00964499146636,-0.107884792108,0.000992175916914
75.4,0.0139221564415,-0.110475448762,0.000992175916914
75.6,0.0181993214166,-0.113066105416,0.000992175916914
75.7,0.0224764863917,-0.115656762071,0.000992175916914
75.8,0.0267536513669,-0.118247418725,0.000992175916914
75.9,0.031030816342,-0.120838075379,0.000992175916914
76.1,0.0353079813171,-0.123428732033,0.000992175916914
76.2,0.0395851462922,-0.126019388687,0.000992175916914
76.3,0.0438623112674,-0.128610045341,0.000992175916914
76.4,0.0481394762425,-0.131200701995,0.000992175916914
76.5,0.0732824551872,-0.108466272772,0.00109689567203
76.6,0.0800144507887,-0.0993365217214,0.00113180225707
76.8,0.0858014693442,-0.0895766397099,0.00116670884211
77.0,0.090584957257,-0.0792841224714,0.00120161542715
77.1,0.094316389359,-0.0685618608293,0.00123652201219
77.1,0.096957761059,-0.0575171121317,0.00127142859723
77.3,0.0984819752842,-0.0462604273309,0.00130633518227
77.4,0.098873120278,-0.0349045444403,0.00134124176731
77.6,0.0981266354072,-0.0235632594448,0.00137614835235
77.7,0.102353788062,-0.0208925928936,0.00137614835235
77.8,0.11926239868,-0.0102099266885,0.00137614835235
77.9,0.123489551335,-0.00753926013727,0.00137614835235
78.0,0.127716703989,-0.00486859358601,0.00137614835235
78.1,0.131943856644,-0.00219792703476,0.00137614835235
78.2,-2.0676342212,1.28240851112,-0.050005473268
78.4,-2.06340706854,1.28507917767,-0.050005473268
78.6,-2.05917991589,1.28774984422,-0.050005473268
78.8,-2.05495276323,1.29042051077,-0.050005473268
78.9,-2.05072561058,1.29309117732,-0.050005473268
79.0,-2.04649845792,1.29576184388,-0.050005473268
79.2,-2.02958984731,1.30644451008,-0.050005473268
79.4,-2.02536269465,1.30911517663,-0.050005473268
79.5,-2.021135542,1.31178584318,-0.050005473268
79.6,-2.01690838934,1.31445650973,-0.050005473268
79.7,-2.01268123669,1.31712717629,-0.050005473268
79.9,-2.00845408403,1.31979784284,-0.050005473268
80.0,-2.00422693138,1.32246850939,-0.050005473268
80.2,-1.99999977872,1.32513917594,-0.050005473268
80.3,-1.99577262607,1.32780984249,-0.050005473268
80.4,-1.99154547342,1.33048050904,-0.050005473268
80.5,-0.0847650217566,-0.087696804219,0.000507054832736
80.6,-0.080537869102,-0.0850261376677,0.000507054832736
80.7,-0.0763107164474,-0.0823554711165,0.000507054832736
80.8,-0.0720835637929,-0.0796848045652,0.000507054832736
80.9,-0.0678564111383,-0.077014138014,0.000507054832736
81.0,-0.0636292584837,-0.0743434714627,0.000507054832736
81.1,-0.0594021058291,-0.0716728049114,0.000507054832736
81.2,-0.0551749531745,-0.0690021383602,0.000507054832736
81.3,-0.0509478005199,-0.0663314718089,0.000507054832736
81.4,-0.0467206478654,-0.0636608052577,0.000507054832736
81.6,-0.0424934952108,-0.0609901387064,0.000507054832736
81.7,-0.0382663425562,-0.0583194721552,0.000507054832736
81.8,-0.0340391899016,-0.0556488056039,0.000507054832736
81.9,-0.029812037247,-0.0529781390526,0.000507054832736
82.1,-0.0255848845925,-0.0503074725014,0.000507054832736
82.2,-0.0213577319379,-0.0476368059501,0.000507054832736
82.3,-0.0171305792833,-0.0449661393989,0.000507054832736
82.4,-0.0129034266287,-0.0422954728476,0.000507054832736
82.6,-0.00867627397412,-0.0396248062964,0.000507054832736
82.7,-0.00444912131953,-0.0369541397451,0.000507054832736
82.9,0.0124594892988,-0.0262714735401,0.000507054832736
83.0,0.0166866419534,-0.0236008069888,0.000507054832736
83.2,0.020913794608,-0.0209301404376,0.000507054832736
83.4,0.0251409472626,-0.0182594738863,0.000507054832736
83.5,0.0293680999171,-0.015588807335,0.000507054832736
83.7,0.0335952525717,-0.0129181407838,0.000507054832736
83.8,0.0378224052263,-0.0102474742325,0.000507054832736
83.9,0.0420495578809,-0.00757680768128,0.000507054832736
84.0,0.0462767105355,-0.00490614113002,0.000507054832736
84.1,0.0505038631901,-0.00223547457876,0.000507054832736
84.3,0.071639626463,0.0111178581775,0.000507054832736
84.4,0.0758667791176,0.0137885247288,0.000507054832736
84.5,-0.012771706234,-0.0839687826582,-0.00100636420952
84.6,-0.00854455357945,-0.0812981161069,-0.00100636420952
84.7,-0.00431740092487,-0.0786274495556,-0.00100636420952
84.8,-9.02482702863e-05,-0.0759567830044,-0.00100636420952
85.0,0.0041369043843,-0.0732861164531,-0.00100636420952
85.1,0.00836405703888,-0.0706154499019,-0.00100636420952
85.3,0.0125912096935,-0.0679447833506,-0.00100636420952
85.4,0.016818362348,-0.0652741167994,-0.00100636420952
85.5,0.0337269729664,-0.0545914505943,-0.00100636420952
85.6,0.037954125621,-0.0519207840431,-0.00100636420952
85.8,0.0421812782755,-0.0492501174918,-0.00100636420952
85.9,0.0464084309301,-0.0465794509406,-0.00100636420952
86.0,0.0506355835847,-0.0439087843893,-0.00100636420952
86.1,0.0548627362393,-0.041238117838,-0.00100636420952
86.3,0.0590898888939,-0.0385674512868,-0.00100636420952
86.4,0.0633170415485,-0.0358967847355,-0.00100636420952
86.6,0.067544194203,-0.0332261181843,-0.00100636420952
86.8,0.0717713468576,-0.030555451633,-0.00100636420952
86.9,0.0929071101305,-0.0172021188767,-0.00100636420952
87.0,0.0971342627851,-0.0145314523255,-0.00100636420952
87.2,0.10136141544,-0.0118607857742,-0.00100636420952
87.4,0.110809370549,-0.0182993580228,-0.00104127079456
87.5,0.11956866731,-0.0256524025021,-0.0010761773796
87.6,0.127551103412,-0.0338467149621,-0.00111108396464
87.7,0.134676215633,-0.0428006160157,-0.00114599054968
87.8,0.140872090851,-0.0524247652974,-0.00118089713472
88.0,0.146076091791,-0.0626230528822,-0.00121580371976
88.1,0.150235490177,-0.0732935590707,-0.0012507103048
88.2,0.066068958333,-0.185430412997,-0.00141911637141
88.3,0.0703461233081,-0.188021069652,-0.00141911637141
88.5,0.0746232882832,-0.190611726306,-0.00141911637141
88.6,0.0789004532583,-0.19320238296,-0.00141911637141
88.7,0.0831776182335,-0.195793039614,-0.00141911637141
88.9,0.0874547832086,-0.198383696268,-0.00141911637141
89.0,0.0917319481837,-0.200974352922,-0.00141911637141
89.2,0.0960091131588,-0.203565009576,-0.00141911637141
89.3,0.100286278134,-0.20615566623,-0.00141911637141
89.4,0.104563443109,-0.208746322884,-0.00141911637141
89.5,0.12167210301,-0.2191089495,-0.00141911637141
89.7,0.125949267985,-0.221699606154,-0.00141911637141
89.8,0.13022643296,-0.224290262808,-0.00141911637141
89.9,0.134503597935,-0.226880919462,-0.00141911637141
90.1,0.13878076291,-0.229471576116,-0.00141911637141
90.2,0.143057927885,-0.23206223277,-0.00141911637141
90.4,0.14733509286,-0.234652889424,-0.00141911637141
90.5,0.151612257835,-0.237243546078,-0.00141911637141
90.6,0.155889422811,-0.239834202732,-0.00141911637141
90.8,0.160166587786,-0.242424859386,-0.00141911637141
90.9,0.181552412661,-0.255378142657,-0.00141911637141
91.1,0.185829577636,-0.257968799311,-0.00141911637141
91.3,0.190106742612,-0.260559455965,-0.00141911637141
91.5,-0.143629247864,-0.0502025824629,-0.000536701258109
91.6,-0.139352082888,-0.052793239117,-0.000536701258109
91.7,-0.135074917913,-0.055383895771,-0.000536701258109
91.8,-0.130797752938,-0.0579745524251,-0.000536701258109
91.9,-0.126520587963,-0.0605652090791,-0.000536701258109
92.0,-0.122243422988,-0.0631558657332,-0.000536701258109
92.2,-0.117966258013,-0.0657465223872,-0.000536701258109
92.4,-0.0965804331371,-0.0786998056574,-0.000536701258109
92.5,-0.092303268162,-0.0812904623115,-0.000536701258109
92.6,-0.0880261031869,-0.0838811189655,-0.000536701258109
92.8,-0.0837489382118,-0.0864717756196,-0.000536701258109
92.9,-0.0794717732366,-0.0890624322736,-0.000536701258109
93.0,-0.0751946082615,-0.0916530889277,-0.000536701258109
93.1,-0.0709174432864,-0.0942437455817,-0.000536701258109
93.2,-0.0666402783113,-0.0968344022358,-0.000536701258109
93.3,-0.0623631133361,-0.0994250588898,-0.000536701258109
93.5,-0.058085948361,-0.102015715544,-0.000536701258109
93.6,-0.0409772884605,-0.11237834216,-0.000536701258109
93.8,-0.0367001234854,-0.114968998814,-0.000536701258109
93.9,-0.0324229585103,-0.117559655468,-0.000536701258109
94.1,-0.0281457935351,-0.120150312122,-0.000536701258109
94.2,-0.02386862856,-0.122740968776,-0.000536701258109
94.3,-0.0195914635849,-0.12533162543,-0.000536701258109
94.5,-0.0153142986098,-0.127922282084,-0.000536701258109
94.6,-0.0110371336346,-0.130512938738,-0.000536701258109
94.7,-0.00675996865952,-0.133103595392,-0.000536701258109
94.9,-0.00248280368439,-0.135694252046,-0.000536701258109
95.1,0.0189030211912,-0.148647535317,-0.000536701258109
95.2,0.0231801861664,-0.151238191971,-0.000536701258109
95.3,0.0274573511415,-0.153828848625,-0.000536701258109
95.5,0.0317345161166,-0.156419505279,-0.000536701258109
95.6,0.0360116810917,-0.159010161933,-0.000536701258109
95.7,-0.0742556892222,-0.14072535438,0.000346606547501
95.8,-0.0699785242471,-0.143316011034,0.000346606547501
95.9,-0.065701359272,-0.145906667688,0.000346606547501
96.0,-0.0614241942969,-0.148497324343,0.000346606547501
96.1,-0.0571470293217,-0.151087980997,0.000346606547501
96.2,-0.0443155343964,-0.158859950959,0.000346606547501
96.3,-0.0400383694212,-0.161450607613,0.000346606547501
96.4,-0.0357612044461,-0.164041264267,0.000346606547501
96.5,-0.031484039471,-0.166631920921,0.000346606547501
96.6,-0.0272068744959,-0.169222577575,0.000346606547501
96.7,-0.0229297095207,-0.171813234229,0.000346606547501
96.8,-0.0244060021355,-0.183186415324,0.000311699962461
96.9,-0.0270127871383,-0.194358125783,0.000276793377421
97.0,-0.030724563818,-0.205216253454,0.000241886792381
97.1,-0.0355047392782,-0.215651767369,0.000206980207342
97.3,-0.0413059891224,-0.225559812548,0.000172073622302
97.4,-0.0480707259287,-0.234840763541,0.000137167037262
97.5,-0.0557316708777,-0.243401226129,0.000102260452222
97.7,-0.0734287183985,-0.25802383269,3.24472821424e-05
97.9,-0.0832882748523,-0.26393843682,-2.45930289739e-06
98.1,-0.093692708434,-0.268838961382,-3.73658879372e-05
98.2,-0.10453801794,-0.272675711307,-7.22724729772e-05
98.4,-0.115715724328,-0.275409628411,-0.000107179058017
98.5,-0.12711395577,-0.277012688877,-0.000142085643057
98.6,-0.22955782738,-0.228719084708,0.000191412422624
98.8,-0.241053544025,-0.228021819969,0.000156505837584
98.9,-0.252425115759,-0.226178135612,0.000121599252544
99.0,-0.263558472983,-0.223205874769,8.66926675043e-05
99.2,-0.284813655378,-0.244393554344,8.66926675043e-05
99.3,-0.288356185777,-0.247924834273,8.66926675043e-05
99.4,-0.291898716177,-0.251456114202,8.66926675043e-05
99.5,-0.295441246576,-0.254987394131,8.66926675043e-05
99.6,-0.298983776975,-0.25851867406,8.66926675043e-05
99.7,-0.302526307374,-0.262049953989,8.66926675043e-05
99.8,-0.306068837774,-0.265581233918,8.66926675043e-05
99.9,-0.309611368173,-0.269112513847,8.66926675043e-05
100.0,-0.313153898572,-0.272643793776,8.66926675043e-05
100.1,-0.316696428971,-0.276175073705,8.66926675043e-05
100.3,-0.32378148977,-0.283237633564,8.66926675043e-05
100.4,-0.327324020169,-0.286768913493,8.66926675043e-05
100.5,-0.330866550568,-0.290300193422,8.66926675043e-05
100.6,-0.334409080967,-0.293831473351,8.66926675043e-05
100.7,-0.337951611367,-0.29736275328,8.66926675043e-05
100.9,-0.341494141766,-0.300894033209,8.66926675043e-05
101.0,-0.345036672165,-0.304425313138,8.66926675043e-05
101.1,-0.348579202564,-0.307956593067,8.66926675043e-05
101.2,-0.352121732964,-0.311487872996,8.66926675043e-05
101.3,-0.355664263363,-0.315019152925,8.66926675043e-05
101.4,-0.36629185456,-0.325612992713,8.66926675043e-05
101.5,-0.36983438496,-0.329144272642,8.66926675043e-05
101.6,-0.373376915359,-0.332675552571,8.66926675043e-05
101.7,0.00186286729882,-0.412877891702,0.00136490137928
101.8,-0.00167966310041,-0.416409171631,0.00136490137928
101.9,-0.00522219349964,-0.41994045156,0.00136490137928
102.0,-0.00876472389887,-0.423471731489,0.00136490137928
102.1,-0.0123072542981,-0.427003011418,0.00136490137928
102.2,-0.0158497846973,-0.430534291347,0.00136490137928
102.3,-0.0193923150966,-0.434065571276,0.00136490137928
102.4,-0.0229348454958,-0.437596851206,0.00136490137928
102.5,-0.026477375895,-0.441128131135,0.00136490137928
102.6,-0.0300199062942,-0.444659411064,0.00136490137928
102.7,-0.0335624366935,-0.448190690993,0.00136490137928
102.8,-0.0371049670927,-0.451721970922,0.00136490137928
102.9,-0.0406474974919,-0.455253250851,0.00136490137928
103.0,-0.0441900278912,-0.45878453078,0.00136490137928
103.2,-0.0477325582904,-0.462315810709,0.00136490137928
103.3,-0.0512750886896,-0.465847090638,0.00136490137928
103.4,-0.0548176190889,-0.469378370567,0.00136490137928
103.5,-0.0619026798873,-0.476440930425,0.00136490137928
103.6,-0.0654452102865,-0.479972210354,0.00136490137928
103.7,-0.0689877406858,-0.483503490284,0.00136490137928
103.8,-0.072530271085,-0.487034770213,0.00136490137928
103.9,-0.0760728014842,-0.490566050142,0.00136490137928
104.1,-0.0796153318835,-0.494097330071,0.00136490137928
104.3,-0.089675702199,-0.134281510627,-0.000316982664813
104.4,-0.0932182325982,-0.137812790556,-0.000316982664813
104.5,-0.0967607629974,-0.141344070485,-0.000316982664813
104.6,-0.100303293397,-0.144875350414,-0.000316982664813
104.8,-0.110930884594,-0.155469190201,-0.000316982664813
104.9,-0.114473414994,-0.15900047013,-0.000316982664813
105.1,-0.118015945393,-0.162531750059,-0.000316982664813
105.2,-0.121558475792,-0.166063029988,-0.000316982664813
105.3,-0.125101006191,-0.169594309917,-0.000316982664813
105.4,-0.128643536591,-0.173125589846,-0.000316982664813
105.5,-0.13218606699,-0.176656869776,-0.000316982664813
105.6,-0.135728597389,-0.180188149705,-0.000316982664813
105.7,-0.139271127788,-0.183719429634,-0.000316982664813
105.8,-0.142813658187,-0.187250709563,-0.000316982664813
105.9,-0.153441249385,-0.19784454935,-0.000316982664813
106.1,-0.156983779784,-0.201375829279,-0.000316982664813
106.2,-0.160526310184,-0.204907109208,-0.000316982664813
106.3,-0.164068840583,-0.208438389137,-0.000316982664813
106.4,-0.167611370982,-0.211969669066,-0.000316982664813
106.5,-0.171153901381,-0.215500948995,-0.000316982664813
106.7,-0.17469643178,-0.219032228925,-0.000316982664813
106.8,-0.17823896218,-0.222563508854,-0.000316982664813
106.9,-0.181781492579,-0.226094788783,-0.000316982664813
107.1,-0.185324022978,-0.229626068712,-0.000316982664813
107.2,-0.199494144575,-0.243751188428,-0.000316982664813
107.4,-0.203036674974,-0.247282468357,-0.000316982664813
107.5,-0.206579205374,-0.250813748286,-0.000316982664813
107.6,-0.210121735773,-0.254345028215,-0.000316982664813
107.7,-0.213664266172,-0.257876308144,-0.000316982664813
107.8,-0.217206796571,-0.261407588074,-0.000316982664813
107.9,-0.22074932697,-0.264938868003,-0.000316982664813
108.1,-0.22429185737,-0.268470147932,-0.000316982664813
108.2,-0.227834387769,-0.272001427861,-0.000316982664813
108.3,-0.0397135182634,-0.129975636666,7.70071241756e-05
108.4,-0.0643645859621,-0.124304372156,7.19395409602e-06
108.5,-0.0741277023712,-0.118165139803,-2.77126309438e-05
108.6,-0.0832306073455,-0.111078532673,-6.26192159836e-05
108.7,-0.0915816766454,-0.103115065446,-9.75258010234e-05
108.8,-0.0990967722822,-0.0943540825727,-0.000132432386063
108.9,-0.105700090165,-0.0848829677324,-0.000167338971103
109.0,-0.111324924668,-0.0747962722519,-0.000202245556143
109.1,-0.115914342401,-0.0641947711912,-0.000237152141183
109.2,-0.11942175839,-0.0531844565106,-0.000272058726222
109.3,-0.121811408827,-0.0418754773812,-0.000306965311262
109.4,-0.126553893061,-0.0402814798559,-0.000306965311262
109.5,-0.131296377296,-0.0386874823306,-0.000306965311262
109.6,-0.13603886153,-0.0370934848053,-0.000306965311262
109.7,-0.140781345764,-0.03549948728,-0.000306965311262
109.8,-0.145523829998,-0.0339054897547,-0.000306965311262
109.9,-0.150266314232,-0.0323114922294,-0.000306965311262
110.1,-0.155008798466,-0.030717494704,-0.000306965311262
110.2,-0.1597512827,-0.0291234971787,-0.000306965311262
110.3,-0.164493766934,-0.0275294996534,-0.000306965311262
110.4,-0.169236251168,-0.0259355021281,-0.000306965311262
110.5,-0.173978735402,-0.0243415046028,-0.000306965311262
110.7,-0.18346370387,-0.0211535095522,-0.000306965311262
110.9,-0.188206188104,-0.0195595120269,-0.000306965311262
111.1,-0.192948672338,-0.0179655145015,-0.000306965311262
111.3,-0.197691156572,-0.0163715169762,-0.000306965311262
111.4,-0.202433640806,-0.0147775194509,-0.000306965311262
111.5,-0.20717612504,-0.0131835219256,-0.000306965311262
111.6,-0.211918609274,-0.0115895244003,-0.000306965311262
111.7,-0.216661093509,-0.00999552687497,-0.000306965311262
111.8,-0.221403577743,-0.00840152934966,-0.000306965311262
111.9,-0.226146061977,-0.00680753182434,-0.000306965311262
112.0,1.14250088718,-2.10248172916,0.0492765537395
112.1,1.13775840294,-2.10088773163,0.0492765537395
112.2,1.13301591871,-2.0992937341,0.0492765537395
112.3,1.12827343448,-2.09769973658,0.0492765537395
112.4,1.12353095024,-2.09610573905,0.0492765537395
112.5,1.11878846601,-2.09451174153,0.0492765537395
112.6,1.11404598177,-2.092917744,0.0492765537395
112.7,1.10930349754,-2.09132374648,0.0492765537395
112.8,1.10456101331,-2.08972974895,0.0492765537395
112.9,1.09981852907,-2.08813575143,0.0492765537395
113.0,1.09507604484,-2.0865417539,0.0492765537395
113.1,1.0903335606,-2.08494775638,0.0492765537395
113.2,1.08559107637,-2.08335375885,0.0492765537395
113.3,1.08084859214,-2.08175976133,0.0492765537395
113.4,1.0761061079,-2.0801657638,0.0492765537395
113.5,1.07136362367,-2.07857176628,0.0492765537395
113.6,1.06662113943,-2.07697776875,0.0492765537395
113.7,1.0618786552,-2.07538377123,0.0492765537395
113.8,1.05713617097,-2.0737897737,0.0492765537395
113.9,1.05239368673,-2.07219577617,0.0492765537395
114.0,1.0476512025,-2.07060177865,0.0492765537395
114.1,1.04290871826,-2.06900778112,0.0492765537395
114.2,1.03816623403,-2.0674137836,0.0492765537395
114.3,1.0334237498,-2.06581978607,0.0492765537395
114.4,1.02868126556,-2.06422578855,0.0492765537395
114.5,1.02393878133,-2.06263179102,0.0492765537395
114.7,1.01919629709,-2.0610377935,0.0492765537395
114.8,1.01445381286,-2.05944379597,0.0492765537395
115.0,1.00971132863,-2.05784979845,0.0492765537395
115.1,1.00496884439,-2.05625580092,0.0492765537395
115.2,0.990741391689,-2.05147380835,0.0492765537395
115.3,0.985998907455,-2.04987981082,0.0492765537395
115.4,0.981256423221,-2.04828581329,0.0492765537395
115.5,0.976513938987,-2.04669181577,0.0492765537395
115.6,-0.0453119012048,-0.121725605185,-0.000144775713292
115.7,-0.0500543854388,-0.12013160766,-0.000144775713292
115.8,-0.0547968696729,-0.118537610134,-0.000144775713292
116.0,-0.0595393539069,-0.116943612609,-0.000144775713292
116.1,-0.064281838141,-0.115349615084,-0.000144775713292
116.2,-0.069024322375,-0.113755617558,-0.000144775713292
116.3,-0.0785092908432,-0.110567622508,-0.000144775713292
116.4,-0.0832517750772,-0.108973624983,-0.000144775713292
116.5,-0.0879942593113,-0.107379627457,-0.000144775713292
116.6,-0.0927367435453,-0.105785629932,-0.000144775713292
116.7,-0.0974792277794,-0.104191632407,-0.000144775713292
116.9,-0.104710677186,-0.112797637928,-0.000109869128253
117.0,-0.111047159412,-0.122086240156,-7.49625432127e-05
117.2,-0.116424633394,-0.131964695713,-4.00559581729e-05
117.3,-0.120788637288,-0.14233429447,-5.14937313313e-06
117.4,-0.12409483995,-0.153091345901,2.97572119067e-05
117.5,-0.127383999826,-0.186597649037,0.000134476967026
117.6,-0.126231811657,-0.197805054686,0.000169383552066
117.8,-0.123964114227,-0.208844220317,0.000204290137106
117.9,-0.11618158092,-0.229977456973,0.000274103307185
118.0,-0.119350977651,-0.233847004595,0.000274103307185
118.1,-0.122520374382,-0.237716552217,0.000274103307185
118.2,-0.125689771112,-0.241586099839,0.000274103307185
118.3,-0.128859167843,-0.245455647461,0.000274103307185
118.5,-0.132028564574,-0.249325195083,0.000274103307185
118.6,-0.135197961305,-0.253194742705,0.000274103307185
118.7,-0.138367358035,-0.257064290326,0.000274103307185
118.9,-0.141536754766,-0.260933837948,0.000274103307185
119.0,-0.144706151497,-0.26480338557,0.000274103307185
119.1,-0.154214341689,-0.276412028436,0.000274103307185
119.2,-0.15738373842,-0.280281576057,0.000274103307185
119.3,-0.160553135151,-0.284151123679,0.000274103307185
119.4,-0.163722531881,-0.288020671301,0.000274103307185
119.5,-0.0815462335308,-0.0564486059505,-0.000516223951779
119.7,-0.0847156302616,-0.0603181535723,-0.000516223951779
119.8,-0.0878850269923,-0.0641877011941,-0.000516223951779
119.9,-0.0910544237231,-0.068057248816,-0.000516223951779
120.0,-0.0942238204538,-0.0719267964378,-0.000516223951779
120.2,-0.0973932171846,-0.0757963440597,-0.000516223951779
120.3,-0.106901407377,-0.0874049869252,-0.000516223951779
120.4,-0.110070804108,-0.091274534547,-0.000516223951779
120.5,-0.113240200838,-0.0951440821689,-0.000516223951779
120.7,-0.116409597569,-0.0990136297907,-0.000516223951779
120.8,-0.1195789943,-0.102883177413,-0.000516223951779
121.0,-0.122748391031,-0.106752725034,-0.000516223951779
121.1,-0.125917787761,-0.110622272656,-0.000516223951779
121.2,-0.0830427628489,-0.0242410385755,-0.00101020936317
121.4,-0.0862121595797,-0.0281105861973,-0.00101020936317
121.6,-0.0893815563104,-0.0319801338192,-0.00101020936317
121.7,-0.105228539964,-0.0513278719284,-0.00101020936317
121.8,-0.108397936695,-0.0551974195502,-0.00101020936317
121.9,-0.111567333426,-0.0590669671721,-0.00101020936317
122.0,-0.114736730156,-0.0629365147939,-0.00101020936317
122.1,-0.117906126887,-0.0668060624157,-0.00101020936317
122.2,-0.121075523618,-0.0706756100376,-0.00101020936317
122.3,-0.124244920349,-0.0745451576594,-0.00101020936317
122.5,-0.127414317079,-0.0784147052813,-0.00101020936317
122.6,-0.13058371381,-0.0822842529031,-0.00101020936317
122.7,-0.133753110541,-0.086153800525,-0.00101020936317
122.8,-0.140091904002,-0.0938928957686,-0.00101020936317
122.9,-0.143261300733,-0.0977624433905,-0.00101020936317
123.0,-0.146430697464,-0.101631991012,-0.00101020936317
123.1,-0.149600094195,-0.105501538634,-0.00101020936317
123.2,-0.152769490925,-0.109371086256,-0.00101020936317
123.3,-0.155938887656,-0.113240633878,-0.00101020936317
123.4,-0.159108284387,-0.1171101815,-0.00101020936317
123.6,-0.162277681118,-0.120979729122,-0.00101020936317
123.7,-0.165447077848,-0.124849276743,-0.00101020936317
123.9,-0.168616474579,-0.128718824365,-0.00101020936317
124.1,-0.178124664771,-0.140327467231,-0.00101020936317
124.2,-0.181294061502,-0.144197014853,-0.00101020936317
124.3,-0.0496216680037,0.02207714232,-0.0023637597089
124.4,-0.0527910647345,0.0182075946981,-0.0023637597089
124.6,-0.0559604614652,0.0143380470763,-0.0023637597089
124.7,-0.059129858196,0.0104684994544,-0.0023637597089
124.8,-0.0622992549267,0.0065989518326,-0.0023637597089
124.9,-0.0654686516575,0.00272940421076,-0.0023637597089
125.1,-0.0686380483882,-0.00114014341108,-0.0023637597089
125.2,-0.0718074451189,-0.00500969103293,-0.0023637597089
125.3,-0.0844850320419,-0.0204878815203,-0.0023637597089
125.4,-0.0876544287727,-0.0243574291421,-0.0023637597089
125.5,-0.0908238255034,-0.028226976764,-0.0023637597089
125.7,-0.061581649019,0.00101805139386,-0.001741181006
125.9,-0.0647510457498,-0.00285149622798,-0.001741181006
126.0,-0.0679204424805,-0.00672104384982,-0.001741181006
126.1,-0.0710898392113,-0.0105905914717,-0.001741181006
126.2,-0.074259235942,-0.0144601390935,-0.001741181006
126.3,-0.0774286326728,-0.0183296867153,-0.001741181006
126.4,-0.0805980294035,-0.0221992343372,-0.001741181006
126.5,-0.0901062195958,-0.0338078772027,-0.001741181006
126.6,-0.0932756163265,-0.0376774248246,-0.001741181006
126.7,-0.0964450130573,-0.0415469724464,-0.001741181006
126.8,-0.099614409788,-0.0454165200682,-0.001741181006
126.9,-0.102783806519,-0.0492860676901,-0.001741181006
127.0,-0.0514565151875,-0.0128556247061,-0.000903918664289
127.1,-0.0546259119182,-0.016725172328,-0.000903918664289
127.2,-0.057795308649,-0.0205947199498,-0.000903918664289
127.3,-0.0609647053797,-0.0244642675716,-0.000903918664289
127.4,-0.0641341021105,-0.0283338151935,-0.000903918664289
127.5,-0.0673034988412,-0.0322033628153,-0.000903918664289
127.6,-0.070472895572,-0.0360729104372,-0.000903918664289
127.7,-0.0736422923027,-0.039942458059,-0.000903918664289
127.8,-0.0768116890335,-0.0438120056808,-0.000903918664289
127.9,-0.0799810857642,-0.0476815533027,-0.000903918664289
128.0,-0.083150482495,-0.0515511009245,-0.000903918664289
128.1,-0.0863198792257,-0.0554206485464,-0.000903918664289
128.2,-0.0894892759565,-0.0592901961682,-0.000903918664289
128.3,-0.0926586726872,-0.0631597437901,-0.000903918664289
128.4,-0.095828069418,-0.0670292914119,-0.000903918664289
128.6,-0.0989974661487,-0.0708988390337,-0.000903918664289
128.7,-0.102166862879,-0.0747683866556,-0.000903918664289
128.8,-0.108505656341,-0.0825074818993,-0.000903918664289
129.0,-0.111675053072,-0.0863770295211,-0.000903918664289
129.2,-0.114844449802,-0.0902465771429,-0.000903918664289
129.3,-0.118013846533,-0.0941161247648,-0.000903918664289
129.4,-0.121183243264,-0.0979856723866,-0.000903918664289
129.5,-0.124352639995,-0.101855220008,-0.000903918664289
129.7,-0.127522036725,-0.10572476763,-0.000903918664289
129.8,-0.130691433456,-0.109594315252,-0.000903918664289
129.9,-0.133860830187,-0.113463862874,-0.000903918664289
130.1,-0.137030226918,-0.117333410496,-0.000903918664289
130.3,-0.00931077826456,0.00478220004141,-0.000146431953134
130.4,-0.0124801749953,0.000912652419565,-0.000146431953134
130.5,-0.0156495717261,-0.00295689520228,-0.000146431953134
130.6,-0.0188189684568,-0.00682644282412,-0.000146431953134
130.8,-0.0219883651875,-0.010695990446,-0.000146431953134
130.9,-0.0251577619183,-0.0145655380678,-0.000146431953134
131.1,-0.028327158649,-0.0184350856896,-0.000146431953134
131.2,-0.0314965553798,-0.0223046333115,-0.000146431953134
131.3,-0.0346659521105,-0.0261741809333,-0.000146431953134
131.4,-0.0378353488413,-0.0300437285552,-0.000146431953134
131.5,-0.0218663349908,-0.0616932869888,-4.17121980148e-05
131.6,-0.0137402880246,-0.0695295123544,-6.80561297611e-06
131.7,-0.00486890167037,-0.0765159206009,2.81009720643e-05
131.8,0.00465930040561,-0.0825819831995,6.30075571048e-05
131.9,0.0147491591006,-0.0876663594099,9.79141421442e-05
132.0,0.0252998302384,-0.0917175164815,0.000132820727184
132.1,0.0362057924674,-0.0946942518649,0.000167727312224
132.2,0.0473579026205,-0.0965661121397,0.000202633897264
132.4,0.0586444879807,-0.0973137044029,0.000237540482304
132.5,0.103794205949,-0.041449438846,0.00158983514193
132.7,0.126021741489,-0.0373068172228,0.00165964831201
132.8,0.129334167972,-0.0410531754678,0.00165964831201
132.9,0.132646594455,-0.0447995337128,0.00165964831201
133.0,0.135959020937,-0.0485458919578,0.00165964831201
133.1,0.13927144742,-0.0522922502028,0.00165964831201
133.2,0.142583873903,-0.0560386084478,0.00165964831201
133.3,0.145896300386,-0.0597849666928,0.00165964831201
133.4,0.149208726869,-0.0635313249378,0.00165964831201
133.6,0.152521153352,-0.0672776831828,0.00165964831201
133.7,0.155833579835,-0.0710240414278,0.00165964831201
133.9,0.165770859283,-0.0822631161628,0.00165964831201
134.0,0.169083285766,-0.0860094744078,0.00165964831201
134.1,0.172395712249,-0.0897558326529,0.00165964831201
134.2,0.175708138732,-0.0935021908979,0.00165964831201
134.4,0.179020565214,-0.0972485491429,0.00165964831201
134.5,0.182332991697,-0.100994907388,0.00165964831201
134.7,0.18564541818,-0.104741265633,0.00165964831201
134.8,-0.0784563258217,0.00764092017865,-6.6655823794e-05
134.9,-0.0751438993388,0.00389456193365,-6.6655823794e-05
135.0,-0.071831472856,0.000148203688643,-6.6655823794e-05
135.1,-0.0585817669246,-0.0148372292914,-6.6655823794e-05
135.2,-0.0552693404417,-0.0185835875364,-6.6655823794e-05
135.3,-0.0519569139589,-0.0223299457814,-6.6655823794e-05
135.4,-0.048644487476,-0.0260763040264,-6.6655823794e-05
135.5,-0.0453320609932,-0.0298226622714,-6.6655823794e-05
135.6,-0.0420196345103,-0.0335690205164,-6.6655823794e-05
135.7,-0.0387072080275,-0.0373153787614,-6.6655823794e-05
135.9,-0.0353947815447,-0.0410617370064,-6.6655823794e-05
136.1,-0.0320823550618,-0.0448080952514,-6.6655823794e-05
136.2,-0.028769928579,-0.0485544534964,-6.6655823794e-05
136.3,-0.0188326491304,-0.0597935282314,-6.6655823794e-05
136.4,-0.0155202226476,-0.0635398864764,-6.6655823794e-05
136.5,-0.0122077961647,-0.0672862447215,-6.6655823794e-05
136.6,-0.00889536968187,-0.0710326029665,-6.6655823794e-05
136.7,-0.00558294319903,-0.0747789612115,-6.6655823794e-05
136.8,-0.00227051671618,-0.0785253194565,-6.6655823794e-05
137.0,0.00104190976667,-0.0822716777015,-6.6655823794e-05
137.1,0.00435433624952,-0.0860180359465,-6.6655823794e-05
137.2,0.00766676273236,-0.0897643941915,-6.6655823794e-05
137.3,0.0109791892152,-0.0935107524365,-6.6655823794e-05
137.6,-0.163190201037,0.0150907040244,0.000208458771721
137.8,-0.159877774554,0.0113443457794,0.000208458771721
137.9,-0.156565348071,0.0075979875344,0.000208458771721
138.0,-0.153252921588,0.0038516292894,0.000208458771721
138.1,-0.149940495105,0.000105271044392,0.000208458771721
138.3,-0.146628068622,-0.00364108720061,0.000208458771721
138.5,-0.14331564214,-0.00738744544562,0.000208458771721
138.6,-0.140003215657,-0.0111338036906,0.000208458771721
138.8,-0.136690789174,-0.0148801619356,0.000208458771721
138.9,-0.133378362691,-0.0186265201806,0.000208458771721
139.0,-0.110191377311,-0.0448510278957,0.000208458771721
139.1,-0.106878950828,-0.0485973861407,0.000208458771721
139.2,-0.103566524345,-0.0523437443857,0.000208458771721
139.3,-0.100254097863,-0.0560901026307,0.000208458771721
139.4,-0.0969416713797,-0.0598364608757,0.000208458771721
139.5,-0.120245514337,-0.022493520233,3.25057915627e-05
139.6,-0.116933087854,-0.026239878478,3.25057915627e-05
139.7,-0.113620661371,-0.029986236723,3.25057915627e-05
139.8,-0.110308234888,-0.033732594968,3.25057915627e-05
139.9,-0.106995808406,-0.037478953213,3.25057915627e-05
140.1,-0.103683381923,-0.041225311458,3.25057915627e-05
140.2,-0.10037095544,-0.044971669703,3.25057915627e-05
140.3,-0.097058528957,-0.048718027948,3.25057915627e-05
140.4,-0.0937461024742,-0.052464386193,3.25057915627e-05
140.6,-0.0904336759913,-0.056210744438,3.25057915627e-05
140.8,-0.0871212495085,-0.0599571026831,3.25057915627e-05
140.9,-0.0838088230256,-0.0637034609281,3.25057915627e-05
141.0,-0.0804963965428,-0.0674498191731,3.25057915627e-05
141.2,-0.0771839700599,-0.0711961774181,3.25057915627e-05
141.4,-0.0738715435771,-0.0749425356631,3.25057915627e-05
141.5,-0.05399698468,-0.0974206851331,3.25057915627e-05
141.6,-0.0506845581972,-0.101167043378,3.25057915627e-05
141.7,-0.0473721317143,-0.104913401623,3.25057915627e-05
141.8,-0.0440597052315,-0.108659759868,3.25057915627e-05
141.9,-0.0407472787486,-0.112406118113,3.25057915627e-05
142.1,-0.0374348522658,-0.116152476358,3.25057915627e-05
142.2,-0.0341224257829,-0.119898834603,3.25057915627e-05
142.3,-0.197468552997,-0.0108119494656,0.000966612769862
142.4,-0.194156126514,-0.0145583077106,0.000966612769862
142.5,-0.190843700032,-0.0183046659556,0.000966612769862
142.6,-0.184218847066,-0.0257973824456,0.000966612769862
142.7,-0.180906420583,-0.0295437406906,0.000966612769862
142.8,-0.1775939941,-0.0332900989356,0.000966612769862
143.0,-0.174281567617,-0.0370364571806,0.000966612769862
143.1,-0.170969141134,-0.0407828154256,0.000966612769862
143.2,-0.167656714652,-0.0445291736706,0.000966612769862
143.3,-0.164344288169,-0.0482755319156,0.000966612769862
143.5,-0.161031861686,-0.0520218901606,0.000966612769862
143.7,-0.157719435203,-0.0557682484056,0.000966612769862
143.8,-0.202167469792,-0.0394254620813,0.0016720915635
143.9,-0.18891776386,-0.0544108950613,0.0016720915635
144.0,-0.185605337378,-0.0581572533064,0.0016720915635
144.1,-0.182292910895,-0.0619036115514,0.0016720915635
144.2,-0.178980484412,-0.0656499697964,0.0016720915635
144.3,-0.175668057929,-0.0693963280414,0.0016720915635
144.4,-0.172355631446,-0.0731426862864,0.0016720915635
144.5,-0.169043204963,-0.0768890445314,0.0016720915635
144.6,-0.165730778481,-0.0806354027764,0.0016720915635
144.8,-0.162418351998,-0.0843817610214,0.0016720915635
144.9,-0.159105925515,-0.0881281192664,0.0016720915635
145.0,-0.152481072549,-0.0956208357564,0.0016720915635
145.2,-0.149168646066,-0.0993671940014,0.0016720915635
145.3,-0.145856219583,-0.103113552246,0.0016720915635
145.5,-0.142543793101,-0.106859910491,0.0016720915635
145.6,-0.139231366618,-0.110606268736,0.0016720915635
145.7,-0.17095002669,-0.0723018912975,0.0013533652592
145.9,-0.167637600207,-0.0760482495425,0.0013533652592
146.0,-0.164325173724,-0.0797946077875,0.0013533652592
146.1,-0.161012747241,-0.0835409660325,0.0013533652592
146.2,-0.157700320758,-0.0872873242775,0.0013533652592
146.4,-0.144450614827,-0.102272757258,0.0013533652592
146.5,-0.141138188344,-0.106019115503,0.0013533652592
146.7,-0.137825761861,-0.109765473748,0.0013533652592
146.9,-0.134513335378,-0.113511831993,0.0013533652592
147.0,-0.131200908896,-0.117258190238,0.0013533652592
147.2,-0.127888482413,-0.121004548483,0.0013533652592
147.3,-0.12457605593,-0.124750906728,0.0013533652592
147.5,-0.121263629447,-0.128497264973,0.0013533652592
147.7,-0.117951202964,-0.132243623218,0.0013533652592
147.8,-0.114638776481,-0.135989981463,0.0013533652592
148.1,-0.0520446805206,-0.0898635966351,0.00159771135448
148.4,-0.0462576619651,-0.0801037146236,0.00163261793952
148.6,-0.0412615226685,-0.0803083298115,0.00163261793952
148.8,-0.0362653833719,-0.0805129449994,0.00163261793952
148.9,-0.0312692440752,-0.0807175601874,0.00163261793952
149.1,-0.0262731047786,-0.0809221753753,0.00163261793952
149.3,-0.021276965482,-0.0811267905632,0.00163261793952
149.5,-0.0162808261854,-0.0813314057511,0.00163261793952
149.6,-0.232447180292,-0.0668152555705,0.000825559587143
149.8,-0.227451040995,-0.0670198707584,0.000825559587143
149.9,-0.172493508732,-0.0692706378256,0.000825559587143
150.0,-0.167497369435,-0.0694752530135,0.000825559587143
150.1,-0.162501230139,-0.0696798682015,0.000825559587143
150.3,-0.157505090842,-0.0698844833894,0.000825559587143
150.4,-0.152508951546,-0.0700890985773,0.000825559587143
150.6,-0.147512812249,-0.0702937137652,0.000825559587143
150.7,-0.142516672952,-0.0704983289531,0.000825559587143
150.8,-0.137520533656,-0.0707029441411,0.000825559587143
150.9,-0.132524394359,-0.070907559329,0.000825559587143
151.1,-0.127528255062,-0.0711121745169,0.000825559587143
151.2,-0.107543697876,-0.0719306352686,0.000825559587143
151.4,-0.102547558579,-0.0721352504565,0.000825559587143
151.5,-0.0975514192827,-0.0723398656445,0.000825559587143
151.7,-0.0925552799861,-0.0725444808324,0.000825559587143
151.9,-0.0875591406895,-0.0727490960203,0.000825559587143
152.1,-0.0825630013929,-0.0729537112082,0.000825559587143
152.3,-0.0775668620962,-0.0731583263962,0.000825559587143
152.5,-0.150222186529,-0.0747958745645,0.000790078083102
152.6,-0.145226047233,-0.0750004897524,0.000790078083102
152.8,-0.140229907936,-0.0752051049404,0.000790078083102
153.1,-0.100260793563,-0.0768420264438,0.000790078083102
153.2,-0.0952646542663,-0.0770466416317,0.000790078083102
153.4,-0.0902685149697,-0.0772512568196,0.000790078083102
153.5,-0.0852723756731,-0.0774558720075,0.000790078083102
153.8,-0.0802762363765,-0.0776604871955,0.000790078083102
154.0,-0.0752800970798,-0.0778651023834,0.000790078083102
154.3,-0.0702839577832,-0.0780697175713,0.000790078083102
154.6,-0.0652878184866,-0.0782743327592,0.000790078083102
154.8,-0.06029167919,-0.0784789479472,0.000790078083102
155.0,-0.0552955398933,-0.0786835631351,0.000790078083102
155.3,0.00965427096281,-0.0813435605781,0.000790078083102
155.6,0.0146504102594,-0.081548175766,0.000790078083102
155.9,0.0196465495561,-0.0817527909539,0.000790078083102
156.1,0.0246426888527,-0.0819574061419,0.000790078083102
156.4,0.0296388281493,-0.0821620213298,0.000790078083102
156.6,0.0346349674459,-0.0823666365177,0.000790078083102
156.7,0.0396311067426,-0.0825712517056,0.000790078083102
156.9,-0.21281683074,-0.0942908915773,0.000945701317227
157.0,-0.207820691443,-0.0944955067652,0.000945701317227
157.2,-0.202824552147,-0.0947001219532,0.000945701317227
157.5,-0.137874741291,-0.0973601193962,0.000945701317227
157.6,-0.132878601994,-0.0975647345841,0.000945701317227
157.8,-0.127882462697,-0.097769349772,0.000945701317227
158.0,-0.122886323401,-0.0979739649599,0.000945701317227
158.3,-0.117890184104,-0.0981785801479,0.000945701317227
158.6,-0.112894044808,-0.0983831953358,0.000945701317227
158.7,-0.107897905511,-0.0985878105237,0.000945701317227
158.9,-0.102901766214,-0.0987924257116,0.000945701317227
159.1,-0.0979056269176,-0.0989970408996,0.000945701317227
159.2,-0.092909487621,-0.0992016560875,0.000945701317227
159.3,-0.0379519553581,-0.101452423155,0.000945701317227
159.5,-0.0329558160615,-0.101657038343,0.000945701317227
159.7,-0.0229635374682,-0.102066268718,0.000945701317227
159.8,-0.0179673981716,-0.102270883906,0.000945701317227
160.0,-0.012971258875,-0.102475499094,0.000945701317227
160.2,-0.00797511957836,-0.102680114282,0.000945701317227
160.4,-0.00297898028173,-0.10288472947,0.000945701317227
160.6,0.00201715901489,-0.103089344658,0.000945701317227
160.8,0.00701329831152,-0.103293959846,0.000945701317227
161.1,0.0120094376081,-0.103498575034,0.000945701317227
161.4,-0.200687488713,-0.104758593603,0.000899858291777
161.5,-0.195691349416,-0.104963208791,0.000899858291777
161.8,-0.150716561795,-0.150826227288,0.000760231951617
162.0,-0.151048202838,-0.162286810747,0.000725325366577
162.3,-0.152524495453,-0.173659991842,0.000690418781537
162.6,-0.155131280455,-0.184831702301,0.000655512196498
162.8,-0.158843057135,-0.195689829972,0.000620605611458
163.0,-0.163623232595,-0.206125343887,0.000585699026418
163.2,-0.16942448244,-0.216033389066,0.000550792441377
163.4,-0.176189219246,-0.22531434006,0.000515885856338
163.7,-0.183850164195,-0.233874802648,0.000480979271298
164.0,-0.192331016175,-0.241628553624,0.000446072686259
164.2,-0.344909110766,-0.254038020624,-7.71291925903e-06
164.4,-0.34934236104,-0.25635510079,-7.71291925903e-06
164.6,-0.353775611315,-0.258672180956,-7.71291925903e-06
164.9,-0.358208861589,-0.260989261123,-7.71291925903e-06
165.2,-1.39234251145,-3.2692119907,0.0509937813751
165.4,-1.39677576172,-3.27152907087,0.0509937813751
165.5,-1.40120901199,-3.27384615104,0.0509937813751
165.7,-1.40564226227,-3.2761632312,0.0509937813751
165.9,-1.41007551254,-3.27848031137,0.0509937813751
166.0,-1.41450876282,-3.28079739153,0.0509937813751
166.3,-1.46327451583,-3.30628527336,0.0509937813751
166.4,-1.46770776611,-3.30860235353,0.0509937813751
166.7,-1.47214101638,-3.3109194337,0.0509937813751
166.8,-1.47657426666,-3.31323651386,0.0509937813751
167.0,-1.48100751693,-3.31555359403,0.0509937813751
167.2,-1.4854407672,-3.3178706742,0.0509937813751
167.4,-1.48987401748,-3.32018775436,0.0509937813751
167.6,-1.49430726775,-3.32250483453,0.0509937813751
167.9,-1.49874051803,-3.3248219147,0.0509937813751
168.1,-1.5031737683,-3.32713899486,0.0509937813751
168.4,-1.55637277159,-3.35494395686,0.0509937813751
168.8,-1.56080602187,-3.35726103703,0.0509937813751
169.1,-1.56990892684,-3.3501744299,0.0509588747901
169.5,-0.119298154988,-0.0689201574063,0.000297133751107
169.9,-0.126813250624,-0.0601591745334,0.000262227166067
170.4,-0.133416568508,-0.0506880596931,0.000227320581027
170.7,-0.13904140301,-0.0406013642126,0.000192413995987
171.2,-0.14404301212,-0.0404910550794,0.000192413995987
171.7,-0.149044621229,-0.0403807459461,0.000192413995987
172.3,-0.154046230339,-0.0402704368128,0.000192413995987
172.8,-0.31909933095,-0.0366302354154,0.000192413995987
173.5,-0.32410094006,-0.0365199262821,0.000192413995987
174.1,-0.134279337643,-0.131394816852,0.00113612855981
174.9,-0.139280946753,-0.131284507719,0.00113612855981
175.7,-0.144282555862,-0.131174198586,0.00113612855981
176.7,-0.0506629775283,-0.124585156228,0.00102605053829
177.7,-0.0556645866378,-0.124474847095,0.00102605053829
178.8,-0.0606661957472,-0.124364537961,0.00102605053829
180.0,-0.0656678048567,-0.124254228828,0.00102605053829
181.2,-0.0706694139661,-0.124143919695,0.00102605053829
182.5,-0.19153374367,-0.133864210827,0.00101120509189
183.9,-0.193407762546,-0.138501421822,0.00101120509189
185.3,-0.160805084524,-0.0190603332043,0.000833125556274
186.7,-0.1626791034,-0.0236975441998,0.000833125556274
188.1,-0.164553122276,-0.0283347551952,0.000833125556274
189.7,-0.0797333925106,0.217393299608,0.000900915289458
191.3,-0.0816074113866,0.212756088613,0.000900915289458
193.1,-0.0834814302627,0.208118877617,0.000900915289458
195.0,-2.55310488885,-1.07376644369,0.0509859934986
196.9,0.134955034806,-0.0363656237078,0.00118250310202
199.1,-0.116263856278,-0.291237750504,0.000728717496503
201.4,0.0452999713827,-0.44899853989,-0.000702498999737
203.8,0.0594631661664,-0.484465216728,0.000621614121447
206.4,0.0582158593926,-0.472970777581,0.000586707536407
209.2,0.246501998791,-0.657100377646,-0.000559228561429
212.4,-1.23502520547,-0.86570252964,0.0498670429069
215.7,0.150086889113,-0.922954348422,-0.0010315536555
219.5,0.0868723963326,-1.11838448527,-0.000891521142315
223.4,0.0726802324993,-1.15523361546,-0.00076328266247
